Ahmedabad,2019-01-01,110.71,,63.03,111.56,100.04,,63.03,80.15,57.12,4.08,32.33,6.93,1474.0,Severe
Ahmedabad,2019-01-02,147.57,,59.56,107.46,129.87,,59.56,47.7,48.23,4.1,32.34,6.99,1246.0,Severe
Ahmedabad,2019-01-03,131.5,,119.68,75.82,88.04,,119.68,55.29,43.25,4.09,32.42,7.0,1719.0,Severe
Ahmedabad,2019-01-04,102.12,,57.92,95.29,54.93,,57.92,69.02,51.71,4.09,32.38,6.98,1264.0,Severe
Ahmedabad,2019-01-05,115.0,,63.86,111.04,61.99,,63.86,86.65,59.25,4.12,32.43,6.97,1127.0,Severe
Ahmedabad,2019-01-06,84.84,,40.16,72.85,39.55,,40.16,52.52,59.42,4.12,32.35,7.02,908.0,Severe
Ahmedabad,2019-01-07,74.62,,8.16,73.22,21.96,,8.16,48.21,74.83,4.12,32.35,6.99,236.0,Poor
Ahmedabad,2019-01-08,89.72,,13.83,80.78,26.92,,13.83,56.43,73.64,4.09,32.39,6.99,313.0,Very Poor
Ahmedabad,2019-01-09,84.03,,26.24,90.66,36.19,,26.24,63.72,72.75,4.13,32.39,7.07,471.0,Severe
Ahmedabad,2019-01-10,82.79,,32.14,79.69,36.86,,32.14,59.98,60.48,4.14,32.36,7.02,661.0,Severe
Ahmedabad,2019-01-11,76.38,,42.44,82.76,43.33,,42.44,70.61,59.68,4.12,32.37,7.02,711.0,Severe
Ahmedabad,2019-01-12,66.01,,53.08,73.79,46.37,,53.08,61.71,73.43,4.11,32.35,6.96,854.0,Severe
Ahmedabad,2019-01-13,116.42,,63.2,82.77,54.86,,63.2,64.52,59.07,4.16,32.4,6.95,1258.0,Severe
Ahmedabad,2019-01-14,75.49,,9.04,61.8,19.74,,9.04,34.03,80.26,4.16,32.44,7.03,407.0,Severe
Ahmedabad,2019-01-15,66.97,,6.96,37.35,12.77,,6.96,28.48,89.73,4.11,32.42,7.03,172.0,Moderate
Ahmedabad,2019-01-16,161.09,,101.89,116.48,108.56,,101.89,64.92,84.85,4.06,32.36,6.94,116.0,Moderate
Ahmedabad,2019-01-17,124.45,,96.21,97.63,81.12,,96.21,56.28,53.72,4.11,32.36,6.97,1302.0,Severe
Ahmedabad,2019-01-18,95.15,,48.24,95.6,49.59,,48.24,79.66,52.85,4.12,32.33,6.96,1275.0,Severe
Ahmedabad,2019-01-19,73.58,,32.68,80.71,37.41,,32.68,56.74,36.97,4.1,32.3,6.96,527.0,Severe
Ahmedabad,2019-01-20,86.32,,49.43,104.79,54.37,,49.43,79.76,35.32,4.1,32.33,6.95,839.0,Severe
Ahmedabad,2019-01-21,149.26,,78.38,85.92,65.56,,78.38,98.89,27.07,4.1,32.4,6.95,1537.0,Severe
Ahmedabad,2019-01-22,70.06,,26.17,55.69,27.82,,26.17,62.14,23.56,4.09,32.34,7.02,547.0,Severe
Ahmedabad,2019-01-23,86.59,,40.08,82.87,42.04,,40.08,83.72,32.62,4.11,32.35,6.95,716.0,Severe
Ahmedabad,2019-01-24,74.12,,18.26,81.45,29.55,,18.26,94.78,39.51,4.12,32.33,6.92,464.0,Severe
Ahmedabad,2019-01-25,52.92,,11.03,63.81,21.32,,11.03,63.17,43.54,4.07,32.32,6.95,302.0,Very Poor
Ahmedabad,2019-01-26,47.26,,16.22,64.71,24.43,,16.22,63.03,20.0,4.04,32.31,6.95,260.0,Poor
Ahmedabad,2019-01-27,52.79,,18.13,59.21,24.19,,18.13,37.29,,4.07,32.34,6.93,430.0,Severe
Ahmedabad,2019-01-28,63.68,,22.56,67.41,28.61,,22.56,37.73,53.12,4.06,32.32,6.93,477.0,Severe
Ahmedabad,2019-01-29,73.37,,16.1,77.92,27.51,,16.1,38.59,39.08,4.05,32.28,6.92,491.0,Severe
Ahmedabad,2019-01-30,55.24,,34.37,83.79,39.08,,34.37,78.4,40.04,4.01,32.3,6.94,470.0,Severe
Ahmedabad,2019-01-31,83.1,,37.91,110.77,47.47,,37.91,94.79,44.33,4.06,32.31,6.93,847.0,Severe
Ahmedabad,2019-02-01,76.87,,17.85,77.35,28.34,,17.85,87.94,36.28,4.05,32.3,6.93,559.0,Severe
Ahmedabad,2019-02-02,47.01,,13.12,66.95,23.24,,13.12,71.48,45.06,4.04,32.33,6.92,334.0,Very Poor
Ahmedabad,2019-02-03,54.77,,11.01,77.02,24.46,,11.01,64.47,53.55,4.08,32.36,6.94,346.0,Very Poor
Ahmedabad,2019-02-04,103.13,,46.91,80.34,45.24,,46.91,56.3,52.37,4.08,32.31,7.02,529.0,Severe
Ahmedabad,2019-02-05,117.59,,61.13,116.34,61.73,,61.13,76.89,42.29,4.12,32.36,7.06,1261.0,Severe
Ahmedabad,2019-02-06,50.15,,9.02,67.96,21.2,,9.02,57.09,47.5,4.08,32.29,6.94,254.0,Poor
Ahmedabad,2019-02-07,94.1,,10.62,44.91,16.6,,10.62,42.04,55.84,4.08,32.31,6.93,308.0,Very Poor
Ahmedabad,2019-02-08,105.03,,10.13,56.09,18.99,,10.13,41.4,43.09,4.07,32.3,6.97,290.0,Poor
Ahmedabad,2019-02-09,46.5,,15.39,79.42,27.47,,15.39,41.88,41.7,4.08,32.33,6.9,340.0,Very Poor
Ahmedabad,2019-02-10,41.76,,20.48,77.13,29.76,,20.48,55.24,44.7,4.06,32.31,6.91,492.0,Severe
Ahmedabad,2019-02-11,46.91,,14.6,86.07,28.61,,14.6,51.46,51.3,4.05,32.32,6.92,343.0,Very Poor
Ahmedabad,2019-02-12,59.98,,50.93,76.66,46.6,,50.93,53.21,53.67,4.09,32.32,6.9,604.0,Severe
Ahmedabad,2019-02-13,82.79,,45.8,86.15,47.96,,45.8,93.37,52.04,4.11,32.28,6.99,1028.0,Severe
Ahmedabad,2019-02-14,62.6,,19.59,65.12,26.31,,19.59,38.05,57.79,4.1,32.36,6.95,755.0,Severe
Ahmedabad,2019-02-15,72.53,,20.61,102.5,35.87,,20.61,45.85,46.37,4.12,32.31,6.98,489.0,Severe
Ahmedabad,2019-02-16,44.69,,32.07,75.36,35.79,,32.07,39.99,53.96,4.1,32.37,6.98,373.0,Very Poor
Ahmedabad,2019-02-17,54.18,,35.1,83.9,39.51,,35.1,51.23,51.56,4.09,32.34,7.03,914.0,Severe
Ahmedabad,2019-02-18,81.84,,28.68,104.86,40.93,,28.68,87.99,43.05,4.1,32.4,7.02,895.0,Severe
Ahmedabad,2019-02-19,46.48,,17.55,60.72,24.22,,17.55,42.93,39.32,4.22,32.37,6.99,502.0,Severe
Ahmedabad,2019-02-20,62.32,,64.13,83.57,55.67,,64.13,38.91,32.1,4.16,32.41,7.0,834.0,Severe
Ahmedabad,2019-02-21,37.26,,8.83,37.95,13.95,,8.83,23.36,29.13,4.1,32.37,7.03,826.0,Severe
Ahmedabad,2019-02-22,37.96,,16.2,48.69,20.61,,16.2,19.56,15.47,4.11,32.4,7.03,403.0,Severe
Ahmedabad,2019-02-23,34.1,,12.42,67.07,22.88,,12.42,42.34,59.67,4.09,32.42,6.97,253.0,Poor
Ahmedabad,2019-02-24,64.5,,56.57,77.32,49.9,,56.57,52.95,39.14,4.14,32.38,7.02,789.0,Severe
Ahmedabad,2019-02-25,50.97,,42.41,49.52,35.15,,42.41,38.67,43.21,4.1,32.38,7.02,904.0,Severe
Ahmedabad,2019-02-26,64.44,,13.19,45.6,18.2,,13.19,33.91,33.88,4.15,32.37,7.08,467.0,Severe
Ahmedabad,2019-02-27,51.5,,12.26,52.88,19.41,,12.26,29.79,38.45,4.17,32.4,7.09,296.0,Poor
Ahmedabad,2019-02-28,33.38,,14.07,73.92,25.42,,14.07,50.46,48.39,4.15,32.38,7.04,307.0,Very Poor
Ahmedabad,2019-03-01,42.11,,14.18,84.67,28.04,,14.18,49.29,47.63,4.11,32.38,6.94,350.0,Very Poor
Ahmedabad,2019-03-02,46.35,,9.25,69.51,21.69,,9.25,62.8,69.79,4.08,32.34,7.07,318.0,Very Poor
Ahmedabad,2019-03-03,61.32,,15.88,48.4,20.36,,15.88,49.88,21.17,4.16,32.45,7.04,338.0,Very Poor
Ahmedabad,2019-03-04,48.84,,9.85,42.96,15.71,,9.85,26.4,51.34,4.1,32.38,7.04,276.0,Poor
Ahmedabad,2019-03-05,39.23,,12.69,67.29,23.08,,12.69,33.79,59.73,4.07,32.33,7.03,286.0,Poor
Ahmedabad,2019-03-06,45.37,,23.56,72.21,30.3,,23.56,45.56,49.33,4.17,32.33,6.98,461.0,Severe
Ahmedabad,2019-03-07,55.7,,34.47,72.07,36.24,,34.47,51.26,52.99,4.12,32.38,7.03,824.0,Severe
Ahmedabad,2019-03-08,54.11,,48.38,54.45,38.8,,48.38,45.55,41.35,4.15,32.45,7.1,754.0,Severe
Ahmedabad,2019-03-09,52.68,,29.23,47.19,26.52,,29.23,15.13,57.32,4.16,32.43,7.08,926.0,Severe
Ahmedabad,2019-03-10,44.12,,10.66,79.99,24.97,,10.66,60.68,61.08,4.17,32.44,7.06,280.0,Poor
Ahmedabad,2019-03-11,46.52,,17.55,48.97,21.43,,17.55,38.16,47.77,4.12,32.42,7.08,310.0,Very Poor
Ahmedabad,2019-03-12,57.06,,34.49,100.8,43.19,,34.49,60.72,48.13,4.11,32.35,7.05,606.0,Severe
Ahmedabad,2019-03-13,84.14,,15.24,107.41,34.05,,15.24,79.47,50.53,4.07,32.43,7.04,632.0,Severe
Ahmedabad,2019-03-14,52.24,,10.75,61.88,20.71,,10.75,24.81,56.16,4.1,32.37,6.95,262.0,Poor
Ahmedabad,2019-03-15,62.44,,26.15,84.42,34.65,,26.15,48.85,58.49,4.1,32.38,6.98,428.0,Severe
Ahmedabad,2019-03-16,66.97,,17.21,91.72,31.41,,17.21,62.66,59.98,4.11,32.39,7.03,625.0,Severe
Ahmedabad,2019-03-17,75.05,,12.67,96.99,30.14,,12.67,58.55,64.12,4.11,32.4,6.97,321.0,Very Poor
Ahmedabad,2019-03-18,60.5,,18.21,104.48,35.0,,18.21,41.81,56.66,4.11,32.34,7.03,353.0,Very Poor
Ahmedabad,2019-03-19,88.33,,80.16,95.95,73.2,,80.16,39.24,45.03,4.08,32.36,7.01,1017.0,Severe
Ahmedabad,2019-03-20,78.11,,13.65,60.29,21.95,,13.65,40.62,29.9,4.13,32.29,6.97,876.0,Severe
Ahmedabad,2019-03-21,62.04,,24.16,60.52,29.65,,24.16,38.14,41.42,4.12,32.34,6.98,380.0,Very Poor
Ahmedabad,2019-03-22,73.98,,43.21,64.62,40.71,,43.21,28.52,48.02,4.1,32.34,6.99,730.0,Severe
Ahmedabad,2019-03-23,75.84,,41.7,95.28,46.74,,41.7,54.31,50.85,4.14,32.29,7.02,998.0,Severe
Ahmedabad,2019-03-24,92.21,,26.17,69.96,60.01,,26.17,39.96,43.76,4.13,32.37,7.03,917.0,Severe
Ahmedabad,2019-03-25,64.71,,20.95,81.65,31.09,,20.95,65.11,38.94,4.09,32.4,6.99,402.0,Severe
Ahmedabad,2019-03-26,67.44,,15.64,86.7,29.34,,15.64,61.6,47.12,4.13,32.33,6.98,404.0,Severe
Ahmedabad,2019-03-27,69.51,,54.2,85.74,53.69,,54.2,69.03,63.51,4.13,32.34,7.03,559.0,Severe
Ahmedabad,2019-03-28,112.44,,61.37,88.16,69.9,,61.37,88.25,41.77,4.19,32.47,7.03,1459.0,Severe
Ahmedabad,2019-03-29,133.21,,50.0,62.67,47.93,,50.0,45.16,24.82,4.2,32.49,7.06,1222.0,Severe
Ahmedabad,2019-03-30,89.74,,33.94,68.97,35.31,,33.94,9.65,17.76,4.14,32.47,7.07,869.0,Severe
Ahmedabad,2019-03-31,74.35,,11.84,58.93,24.38,,11.84,10.22,28.63,4.16,32.38,7.0,471.0,Severe
Ahmedabad,2019-04-01,96.96,,16.25,88.34,42.22,,16.25,15.4,30.19,4.21,32.45,7.08,353.0,Very Poor
Ahmedabad,2019-04-02,122.78,,36.74,99.37,75.89,,36.74,15.97,25.6,4.21,32.53,7.11,679.0,Severe
Ahmedabad,2019-04-03,109.21,,47.6,90.25,79.91,,47.6,13.25,26.93,4.22,32.5,7.17,688.0,Severe
Ahmedabad,2019-04-04,94.41,,20.27,84.32,56.25,,20.27,9.95,21.82,4.2,32.43,7.17,1044.0,Severe
Ahmedabad,2019-04-05,97.92,,23.05,75.36,53.96,,23.05,11.42,17.98,4.21,32.54,7.06,537.0,Severe
Ahmedabad,2019-04-06,97.68,,21.56,72.48,51.45,,21.56,12.63,20.2,4.18,32.42,7.08,420.0,Severe
Ahmedabad,2019-04-07,99.9,,24.47,56.89,46.01,,24.47,15.72,15.01,4.21,32.43,7.08,534.0,Severe
Ahmedabad,2019-04-08,78.55,,26.28,69.17,53.36,,26.28,11.52,18.04,4.18,32.45,7.09,472.0,Severe
Ahmedabad,2019-04-09,73.58,,19.53,63.23,45.42,,19.53,11.56,26.46,4.22,32.51,7.09,493.0,Severe
Ahmedabad,2019-04-10,64.02,,51.44,40.04,56.47,,51.44,6.21,13.73,4.16,32.52,7.14,566.0,Severe
Ahmedabad,2019-04-11,81.22,,65.1,44.75,67.79,,65.1,7.27,15.7,4.23,32.46,7.16,1121.0,Severe
Ahmedabad,2019-04-12,75.74,,21.38,67.43,48.85,,21.38,8.99,17.56,4.2,32.5,7.11,944.0,Severe
Ahmedabad,2019-04-13,70.14,,20.83,68.1,48.76,,20.83,5.29,27.51,4.23,32.6,7.14,395.0,Very Poor
Ahmedabad,2019-04-14,67.2,,11.75,57.38,36.76,,11.75,7.75,46.45,4.23,32.52,7.18,406.0,Severe
Ahmedabad,2019-04-15,225.49,,29.7,62.65,51.85,,29.7,30.33,36.29,4.18,32.5,7.11,649.0,Severe
Ahmedabad,2019-04-16,182.46,,15.24,59.22,40.26,,15.24,49.94,48.98,4.23,32.5,7.17,428.0,Severe
Ahmedabad,2019-04-17,95.69,,9.19,60.62,36.3,,9.19,85.28,75.85,4.19,32.5,7.12,392.0,Very Poor
Ahmedabad,2019-04-18,93.12,,8.88,72.4,41.94,,8.88,36.52,74.03,4.19,32.49,7.11,274.0,Poor
Ahmedabad,2019-04-19,64.3,,10.74,95.27,54.49,,10.74,57.46,74.2,4.19,32.52,7.15,354.0,Very Poor
Ahmedabad,2019-04-20,81.71,,23.23,128.87,79.56,,23.23,91.79,77.88,4.2,32.51,7.08,419.0,Severe
Ahmedabad,2019-04-21,66.39,,60.25,77.36,83.16,,60.25,50.53,63.95,4.16,32.47,7.06,1205.0,Severe
Ahmedabad,2019-04-22,92.59,,35.37,92.43,71.48,,35.37,72.51,63.21,4.18,32.45,7.07,778.0,Severe
Ahmedabad,2019-04-23,84.47,,27.88,85.23,63.88,,27.88,70.3,59.98,4.21,32.42,7.08,730.0,Severe
Ahmedabad,2019-04-24,76.98,,9.49,43.57,28.34,,9.49,51.35,40.16,4.31,32.51,7.17,608.0,Severe
Ahmedabad,2019-04-25,,,,,,,,,,,,,,
Ahmedabad,2019-04-26,,,,,,,,,,,,,,
Ahmedabad,2019-04-27,84.95,,38.54,63.41,79.01,,38.54,54.58,69.89,4.19,32.44,7.12,,
Ahmedabad,2019-04-28,91.99,,75.71,46.84,82.03,,75.71,42.2,51.25,4.14,32.49,7.13,1346.0,Severe
Ahmedabad,2019-04-29,110.7,,11.92,49.22,32.91,,11.92,49.14,57.93,4.15,32.46,7.1,1015.0,Severe
Ahmedabad,2019-04-30,132.76,,9.13,65.49,38.76,,9.13,55.8,78.36,4.16,32.36,7.03,255.0,Poor
Ahmedabad,2019-05-01,113.47,,23.43,70.08,51.67,,23.43,83.88,49.54,4.15,32.44,7.07,518.0,Severe
Ahmedabad,2019-05-02,101.68,,24.04,76.61,55.31,,24.04,106.65,64.47,4.14,32.48,7.02,604.0,Severe
Ahmedabad,2019-05-03,86.07,,13.77,62.42,40.29,,13.77,96.27,41.5,4.19,32.43,7.13,315.0,Very Poor
Ahmedabad,2019-05-04,72.58,,14.52,54.32,37.33,,14.52,77.82,2.97,4.21,32.49,7.08,326.0,Very Poor
Ahmedabad,2019-05-05,81.79,,19.4,58.23,42.89,,19.4,136.27,3.02,4.15,32.45,7.11,449.0,Severe
Ahmedabad,2019-05-06,72.54,,23.99,74.87,54.42,,23.99,98.42,3.11,4.19,32.45,7.06,455.0,Severe
Ahmedabad,2019-05-07,58.71,,12.69,70.34,31.99,,12.69,66.1,2.16,4.18,32.32,7.06,398.0,Very Poor
Ahmedabad,2019-05-08,72.51,,15.56,57.84,39.83,,15.56,88.54,3.12,4.19,32.52,7.11,346.0,Very Poor
Ahmedabad,2019-05-09,43.83,,11.8,43.77,17.0,,11.8,46.28,3.13,4.09,32.35,6.94,291.0,Poor
Ahmedabad,2019-05-10,15.52,,,,0.0,,,1.31,,3.78,28.55,6.81,,
Ahmedabad,2019-05-11,,,,,0.0,,,,,0.0,0.0,0.0,,
Ahmedabad,2019-05-12,,,,,0.0,,,,,0.0,0.0,0.0,,
Ahmedabad,2019-05-13,,,,,0.0,,,,,0.0,0.0,0.0,,
Ahmedabad,2019-05-14,46.04,141.54,17.26,130.23,49.54,,17.26,107.28,48.32,8.89,52.6,8.78,,
Ahmedabad,2019-05-15,37.55,122.41,15.08,85.12,58.72,,15.08,163.01,48.23,16.44,85.54,14.19,281.0,Poor
Ahmedabad,2019-05-16,33.97,116.32,14.67,79.71,55.61,,14.67,91.26,51.86,15.55,83.89,13.15,330.0,Very Poor
Ahmedabad,2019-05-17,35.48,130.07,18.02,77.61,58.41,,18.02,98.35,38.99,15.88,83.83,13.34,356.0,Very Poor
Ahmedabad,2019-05-18,34.11,138.31,13.27,75.23,51.83,,13.27,88.66,42.22,15.93,82.73,13.44,359.0,Very Poor
Ahmedabad,2019-05-19,33.69,111.73,34.56,68.9,69.77,,34.56,80.9,36.95,15.53,84.17,13.19,547.0,Severe
Ahmedabad,2019-05-20,42.31,118.65,17.47,81.84,59.84,,17.47,89.57,46.68,15.98,83.87,13.6,813.0,Severe
Ahmedabad,2019-05-21,24.6,103.88,11.03,81.24,52.21,,11.03,80.74,46.65,15.31,82.95,11.66,321.0,Very Poor
Ahmedabad,2019-05-22,27.93,103.3,11.44,76.75,50.49,,11.44,86.48,54.34,15.6,84.17,13.6,270.0,Poor
Ahmedabad,2019-05-23,41.39,135.65,14.29,89.1,59.76,,14.29,105.96,49.7,16.33,83.95,13.48,323.0,Very Poor
Ahmedabad,2019-05-24,46.79,148.0,14.31,93.27,61.82,,14.31,131.04,56.31,15.21,82.4,11.95,344.0,Very Poor
Ahmedabad,2019-05-25,51.63,156.97,17.96,89.18,63.98,,17.96,134.22,49.62,15.72,83.2,13.93,404.0,Severe
Ahmedabad,2019-05-26,63.15,177.87,28.03,100.08,80.78,,28.03,122.43,50.32,17.05,84.59,13.16,558.0,Severe
Ahmedabad,2019-05-27,57.47,163.36,21.39,112.68,79.36,,21.39,143.3,52.19,16.47,84.11,13.58,435.0,Severe
Ahmedabad,2019-05-28,50.27,156.63,21.02,103.05,74.24,,21.02,118.55,49.86,16.92,85.28,14.2,440.0,Severe
Ahmedabad,2019-05-29,42.02,140.66,16.43,71.51,53.58,,16.43,82.75,52.44,16.99,85.25,13.8,374.0,Very Poor
Ahmedabad,2019-05-30,48.74,153.69,19.89,91.02,67.08,,19.89,138.12,52.86,17.04,83.72,13.55,515.0,Severe
Ahmedabad,2019-05-31,46.51,136.34,16.75,85.37,60.74,,16.75,145.55,44.53,15.68,84.55,13.67,360.0,Very Poor
Ahmedabad,2019-06-01,48.1,142.06,23.83,70.71,61.67,,23.83,142.52,40.22,15.5,84.08,12.18,467.0,Severe
Ahmedabad,2019-06-02,41.38,119.91,21.8,70.35,59.18,,21.8,134.76,41.5,15.9,83.78,14.01,402.0,Severe
Ahmedabad,2019-06-03,46.46,134.2,22.33,74.31,61.71,,22.33,137.83,47.63,14.5,81.45,10.98,419.0,Severe
Ahmedabad,2019-06-04,39.68,117.51,20.89,77.12,61.44,,20.89,139.31,71.62,12.58,79.02,7.46,408.0,Severe
Ahmedabad,2019-06-05,38.27,113.84,18.87,61.74,51.63,,18.87,112.15,82.73,115.14,371.65,,402.0,Severe
Ahmedabad,2019-06-06,35.06,127.56,12.63,68.94,48.03,,12.63,101.14,75.71,26.24,85.15,94.48,303.0,Very Poor
Ahmedabad,2019-06-07,30.07,124.01,15.49,122.88,78.85,,15.49,31.67,70.29,,,,354.0,Very Poor
Ahmedabad,2019-06-08,48.74,135.9,16.38,154.42,94.0,,16.38,58.6,73.95,7.29,80.04,2.05,358.0,Very Poor
Ahmedabad,2019-06-09,35.3,120.77,15.2,146.65,88.87,,15.2,127.62,81.55,29.46,141.33,14.86,324.0,Very Poor
Ahmedabad,2019-06-10,34.31,115.46,16.31,127.02,80.56,,16.31,121.46,80.39,26.9,256.09,56.49,360.0,Very Poor
Ahmedabad,2019-06-11,33.97,107.59,15.38,135.26,83.52,,15.38,100.23,90.29,7.91,123.47,49.93,348.0,Very Poor
Ahmedabad,2019-06-12,41.08,156.33,12.8,140.5,83.14,,12.8,91.23,85.2,6.3,87.51,33.1,333.0,Very Poor
Ahmedabad,2019-06-13,25.56,77.07,13.75,120.8,74.61,,13.75,58.37,88.79,6.3,80.04,1.48,321.0,Very Poor
Ahmedabad,2019-06-14,26.75,103.12,14.4,112.66,71.38,,14.4,60.94,77.88,6.3,80.04,1.48,338.0,Very Poor
Ahmedabad,2019-06-15,32.71,96.84,18.89,116.69,78.46,,18.89,48.67,53.57,6.3,80.04,1.48,369.0,Very Poor
Ahmedabad,2019-06-16,32.79,107.15,25.17,103.69,79.28,,25.17,30.37,30.45,6.3,80.04,1.48,397.0,Very Poor
Ahmedabad,2019-06-17,28.02,104.64,25.92,115.78,86.11,,25.92,42.55,21.04,6.3,80.04,1.48,414.0,Severe
Ahmedabad,2019-06-18,26.92,72.7,22.25,130.64,89.1,,22.25,25.9,24.37,6.3,80.04,1.48,363.0,Very Poor
Ahmedabad,2019-06-19,69.38,171.87,19.2,145.75,92.99,,19.2,37.85,7.21,6.3,80.04,1.48,371.0,Very Poor
Ahmedabad,2019-06-20,42.08,125.62,30.2,155.72,113.35,,30.2,33.25,41.97,6.3,80.04,1.48,565.0,Severe
Ahmedabad,2019-06-21,35.67,103.64,18.86,147.44,93.61,,18.86,25.28,74.84,6.3,80.04,1.48,348.0,Very Poor
Ahmedabad,2019-06-22,63.09,152.67,12.65,163.54,110.17,,12.65,26.31,113.94,6.3,80.04,1.48,184.0,Moderate
Ahmedabad,2019-06-23,46.13,102.66,14.35,146.55,87.86,,14.35,39.92,108.07,6.3,80.04,1.48,328.0,Very Poor
Ahmedabad,2019-06-24,57.49,115.42,21.05,277.31,162.63,,21.05,37.43,101.47,6.3,80.04,1.48,440.0,Severe
Ahmedabad,2019-06-25,49.23,97.91,19.38,174.15,107.05,,19.38,20.97,90.33,6.3,80.04,1.48,411.0,Severe
Ahmedabad,2019-06-26,70.03,136.54,24.95,213.58,136.58,,24.95,28.94,52.14,6.3,80.04,1.48,469.0,Severe
Ahmedabad,2019-06-27,60.03,109.4,25.55,176.24,117.3,,25.55,35.87,52.95,6.3,80.04,1.48,436.0,Severe
Ahmedabad,2019-06-28,49.43,102.77,29.88,164.64,114.39,,29.88,44.06,31.31,6.3,80.04,1.48,517.0,Severe
Ahmedabad,2019-06-29,59.63,112.5,41.59,184.07,141.36,,41.59,38.49,21.31,6.3,80.04,1.48,640.0,Severe
Ahmedabad,2019-06-30,53.13,117.3,29.06,107.86,84.37,,29.06,30.43,43.43,6.23,79.21,1.46,465.0,Severe
Ahmedabad,2019-07-01,43.22,104.74,28.45,168.15,117.79,,28.45,40.42,69.91,6.23,79.21,1.46,486.0,Severe
Ahmedabad,2019-07-02,44.75,114.84,24.72,119.51,88.78,,24.72,48.21,58.82,6.3,80.04,1.48,446.0,Severe
Ahmedabad,2019-07-03,44.27,96.61,24.13,118.73,95.73,,24.13,47.13,49.16,6.3,80.04,1.48,426.0,Severe
Ahmedabad,2019-07-04,47.77,102.68,39.11,144.03,114.85,,39.11,44.8,21.77,6.3,80.04,1.48,534.0,Severe
Ahmedabad,2019-07-05,47.88,116.88,37.12,106.12,94.1,,37.12,35.22,23.22,6.3,80.04,1.48,610.0,Severe
Ahmedabad,2019-07-06,47.71,100.89,34.67,171.04,122.97,,34.67,40.63,21.04,6.3,80.04,1.48,491.0,Severe
Ahmedabad,2019-07-07,34.72,80.67,26.15,148.91,102.6,,26.15,32.86,50.85,6.3,80.04,1.48,451.0,Severe
Ahmedabad,2019-07-08,37.99,113.3,35.85,113.12,96.06,,35.85,32.57,27.37,6.3,80.04,1.48,509.0,Severe
Ahmedabad,2019-07-09,41.69,120.12,36.14,137.36,108.22,,36.14,30.42,27.49,6.3,80.04,1.48,491.0,Severe
Ahmedabad,2019-07-10,45.31,128.97,40.51,157.22,122.89,,40.51,31.64,33.43,6.3,80.04,1.48,524.0,Severe
Ahmedabad,2019-07-11,43.48,116.84,37.34,103.67,93.15,,37.34,91.4,30.35,6.3,80.04,1.48,575.0,Severe
Ahmedabad,2019-07-12,41.97,109.2,30.92,107.17,87.53,,30.92,96.35,34.38,6.3,80.04,1.48,490.0,Severe
Ahmedabad,2019-07-13,38.49,101.6,36.22,117.03,98.39,,36.22,103.19,33.11,6.3,80.04,1.48,503.0,Severe
Ahmedabad,2019-07-14,41.7,109.85,24.82,102.72,78.41,,24.82,102.03,49.25,6.3,80.04,1.48,469.0,Severe
Ahmedabad,2019-07-15,42.43,116.7,32.1,114.44,92.42,,32.1,142.27,38.2,6.3,80.04,1.48,455.0,Severe
Ahmedabad,2019-07-16,38.99,114.94,31.97,103.79,87.09,,31.97,156.48,32.57,6.3,80.04,1.48,488.0,Severe
Ahmedabad,2019-07-17,34.92,114.11,30.5,110.39,88.63,,30.5,116.97,37.07,6.3,80.04,1.48,513.0,Severe
Ahmedabad,2019-07-18,32.7,105.78,26.0,103.72,80.25,,26.0,132.41,45.92,6.3,80.04,1.48,466.0,Severe
Ahmedabad,2019-07-19,44.65,120.74,25.34,135.12,94.8,,25.34,104.15,58.38,6.3,80.04,1.48,429.0,Severe
Ahmedabad,2019-07-20,51.63,130.55,27.48,156.06,107.47,,27.48,109.13,52.03,6.3,80.04,1.48,459.0,Severe
Ahmedabad,2019-07-21,48.67,104.86,17.33,152.96,94.37,,17.33,92.83,76.38,6.3,80.04,1.48,385.0,Very Poor
Ahmedabad,2019-07-22,37.73,82.63,13.1,115.28,71.17,,13.1,53.67,113.3,6.3,80.04,1.48,309.0,Very Poor
Ahmedabad,2019-07-23,73.98,202.3,17.81,168.45,107.32,,17.81,35.04,70.3,6.3,80.04,1.48,587.0,Severe
Ahmedabad,2019-07-24,52.55,172.36,27.02,99.11,79.15,,27.02,46.88,57.81,6.3,80.04,1.48,482.0,Severe
Ahmedabad,2019-07-25,48.26,165.97,35.25,157.23,116.89,,35.25,50.5,29.11,6.3,80.04,1.48,502.0,Severe
Ahmedabad,2019-07-26,46.8,98.91,34.26,32.44,54.89,,34.26,57.06,42.64,6.3,80.04,1.48,469.0,Severe
Ahmedabad,2019-07-27,39.43,98.23,26.55,43.0,50.78,,26.55,94.84,52.09,6.23,79.17,1.46,413.0,Severe
Ahmedabad,2019-07-28,47.55,100.1,32.36,30.99,49.24,,32.36,83.52,47.92,6.17,78.37,1.45,478.0,Severe
Ahmedabad,2019-07-29,43.84,148.04,33.11,42.69,58.58,,33.11,70.53,64.25,6.3,80.04,1.48,515.0,Severe
Ahmedabad,2019-07-30,41.45,,31.74,30.62,50.01,,31.74,63.85,43.27,5.77,71.74,1.7,461.0,Severe
Ahmedabad,2019-07-31,28.8,,32.52,50.61,61.74,,32.52,53.38,34.57,2.88,24.5,3.39,,
Ahmedabad,2019-08-01,47.31,110.65,59.19,23.06,66.37,,59.19,50.69,24.93,2.88,24.5,3.39,957.0,Severe
Ahmedabad,2019-08-02,56.72,139.31,45.45,45.13,68.12,,45.45,52.12,28.08,2.88,24.5,3.39,685.0,Severe
Ahmedabad,2019-08-03,45.43,118.95,36.56,30.0,55.58,,36.56,41.96,30.53,2.51,28.31,1.94,492.0,Severe
Ahmedabad,2019-08-04,37.7,106.26,25.9,37.43,47.63,,25.9,39.98,40.88,2.14,32.05,0.52,464.0,Severe
Ahmedabad,2019-08-05,43.43,153.39,29.34,33.44,49.72,,29.34,44.51,43.28,2.14,32.05,0.52,477.0,Severe
Ahmedabad,2019-08-06,50.53,181.39,38.94,57.64,70.29,,38.94,39.45,41.18,2.14,32.05,0.52,564.0,Severe
Ahmedabad,2019-08-07,60.09,199.34,40.91,30.12,60.02,,40.91,40.22,26.52,2.14,32.05,0.52,545.0,Severe
Ahmedabad,2019-08-08,57.61,195.84,35.46,47.73,62.52,,35.46,39.76,37.96,2.12,31.72,0.51,530.0,Severe
Ahmedabad,2019-08-09,44.1,99.59,26.54,72.53,65.64,,26.54,42.51,45.15,2.14,32.05,0.52,448.0,Severe
Ahmedabad,2019-08-10,22.26,50.03,28.38,41.31,52.51,,28.38,45.34,37.92,2.14,32.05,0.52,440.0,Severe
Ahmedabad,2019-08-11,37.97,95.65,33.04,39.57,56.91,,33.04,39.94,34.34,2.14,32.05,0.52,452.0,Severe
Ahmedabad,2019-08-12,46.3,160.82,40.24,47.9,65.63,,40.24,41.94,33.06,2.1,31.38,0.51,573.0,Severe
Ahmedabad,2019-08-13,41.77,175.24,28.77,49.65,57.0,,28.77,37.04,47.71,2.14,32.05,0.52,467.0,Severe
Ahmedabad,2019-08-14,47.52,184.48,33.11,36.01,55.0,,33.11,40.95,41.86,2.14,32.05,0.52,492.0,Severe
Ahmedabad,2019-08-15,50.55,117.04,31.12,52.84,61.24,,31.12,39.98,31.08,2.14,32.05,0.52,471.0,Severe
Ahmedabad,2019-08-16,27.6,75.1,33.81,48.35,60.52,,33.81,42.4,34.06,2.14,32.05,0.52,505.0,Severe
Ahmedabad,2019-08-17,41.4,143.82,30.09,41.39,53.51,,30.09,40.05,42.78,2.14,32.05,0.52,473.0,Severe
Ahmedabad,2019-08-18,44.46,134.58,36.78,73.54,77.37,,36.78,37.46,45.93,2.14,32.05,0.52,539.0,Severe
Ahmedabad,2019-08-19,39.88,184.17,34.38,60.79,67.29,,34.38,26.36,55.36,2.1,31.43,0.51,627.0,Severe
Ahmedabad,2019-08-20,46.58,138.91,26.7,53.62,56.13,,26.7,45.91,61.08,2.14,32.05,0.52,466.0,Severe
Ahmedabad,2019-08-21,36.44,151.31,24.36,60.1,54.16,,24.36,40.9,69.33,2.03,30.38,0.49,465.0,Severe
Ahmedabad,2019-08-22,45.37,176.7,24.41,64.69,59.39,,24.41,43.82,68.52,2.14,32.05,0.52,462.0,Severe
Ahmedabad,2019-08-23,47.67,182.75,25.81,53.56,53.89,,25.81,51.27,57.64,2.14,32.05,0.52,523.0,Severe
Ahmedabad,2019-08-24,41.31,142.75,18.93,55.93,48.86,,18.93,37.66,76.75,,,,385.0,Very Poor
Ahmedabad,2019-08-25,30.82,119.98,21.13,57.44,52.11,,21.13,39.97,69.77,,,,360.0,Very Poor
Ahmedabad,2019-08-26,45.77,164.31,36.07,56.76,68.79,,36.07,55.67,29.03,2.14,32.05,0.52,532.0,Severe
Ahmedabad,2019-08-27,58.51,142.29,46.11,36.67,70.31,,46.11,44.52,24.36,2.14,32.05,0.52,651.0,Severe
Ahmedabad,2019-08-28,36.1,88.66,27.22,46.87,53.9,,27.22,40.52,51.74,2.14,32.05,0.52,434.0,Severe
Ahmedabad,2019-08-29,38.5,93.7,37.89,47.69,66.19,,37.89,63.22,28.61,2.14,32.05,0.52,517.0,Severe
Ahmedabad,2019-08-30,40.53,118.21,36.0,43.33,61.43,,36.0,49.29,32.49,2.14,32.05,0.52,563.0,Severe
Ahmedabad,2019-08-31,37.05,111.11,30.71,48.51,58.68,,30.71,46.13,37.33,2.14,32.05,0.52,464.0,Severe
Ahmedabad,2019-09-01,31.28,87.45,24.16,47.49,50.72,,24.16,47.71,47.56,2.14,32.05,0.52,420.0,Severe
Ahmedabad,2019-09-02,25.64,69.07,25.23,52.47,54.36,,25.23,48.58,44.0,2.14,32.05,0.52,419.0,Severe
Ahmedabad,2019-09-03,40.18,82.81,29.4,49.59,57.71,,29.4,50.91,42.54,2.14,32.05,0.52,447.0,Severe
Ahmedabad,2019-09-04,39.16,86.22,16.72,62.06,49.34,,16.72,48.32,77.97,2.14,32.05,0.52,401.0,Severe
Ahmedabad,2019-09-05,45.55,69.01,20.81,82.99,64.08,,20.81,50.79,73.91,2.14,32.05,0.52,446.0,Severe
Ahmedabad,2019-09-06,55.43,80.39,22.28,81.63,67.29,,22.28,50.6,84.1,2.14,32.05,0.52,432.0,Severe
Ahmedabad,2019-09-07,35.05,77.28,25.02,54.26,54.98,,25.02,48.29,53.43,2.14,32.05,0.52,454.0,Severe
Ahmedabad,2019-09-08,33.15,59.41,18.87,48.34,45.05,,18.87,44.03,57.52,2.14,32.05,0.52,408.0,Severe
Ahmedabad,2019-09-09,38.7,69.84,21.33,61.48,54.01,,21.33,53.34,71.99,2.14,32.05,0.52,381.0,Very Poor
Ahmedabad,2019-09-10,45.2,69.26,23.33,72.02,63.4,,23.33,50.39,39.15,2.14,32.05,0.52,468.0,Severe
Ahmedabad,2019-09-11,59.4,196.25,45.92,46.05,74.61,,45.92,81.09,33.47,2.17,32.76,0.55,,
Ahmedabad,2019-09-12,,,49.78,39.61,79.26,,49.78,52.59,22.98,2.14,32.05,0.52,,
Ahmedabad,2019-09-13,64.45,,51.32,58.92,82.4,,51.32,66.72,9.64,2.14,32.05,0.52,,
Ahmedabad,2019-09-14,59.96,,40.14,69.61,82.74,,40.14,64.63,13.0,2.14,32.05,0.52,629.0,Severe
Ahmedabad,2019-09-15,66.21,171.53,37.54,44.57,56.46,,37.54,68.54,20.67,2.14,32.05,0.52,793.0,Severe
Ahmedabad,2019-09-16,38.0,107.96,23.87,53.2,52.89,,23.87,63.42,26.28,2.14,32.05,0.52,495.0,Severe
Ahmedabad,2019-09-17,44.41,102.31,36.34,236.79,156.68,,36.34,59.59,32.92,2.14,32.05,0.52,528.0,Severe
Ahmedabad,2019-09-18,50.66,126.48,25.45,94.87,76.75,,25.45,33.42,34.64,2.14,32.05,0.52,570.0,Severe
Ahmedabad,2019-09-19,73.61,133.78,31.7,129.85,99.5,,31.7,78.7,31.11,2.93,35.37,2.65,708.0,Severe
Ahmedabad,2019-09-20,27.17,55.41,11.26,61.34,42.53,,11.26,78.36,42.49,0.66,0.04,0.02,314.0,Very Poor
Ahmedabad,2019-09-21,39.27,73.22,17.41,132.09,84.28,,17.41,82.79,48.66,,,,386.0,Very Poor
Ahmedabad,2019-09-22,45.4,85.77,13.26,128.45,77.78,,13.26,90.46,51.35,,,,356.0,Very Poor
Ahmedabad,2019-09-23,59.74,108.29,19.33,112.62,76.98,,19.33,114.51,43.41,0.96,19.48,1.7,398.0,Very Poor
Ahmedabad,2019-09-24,58.49,89.47,18.72,124.86,82.26,,18.72,102.52,60.11,1.31,23.57,2.28,476.0,Severe
Ahmedabad,2019-09-25,61.46,103.64,23.56,112.12,81.56,,23.56,81.76,60.38,1.15,23.41,2.04,572.0,Severe
Ahmedabad,2019-09-26,39.34,59.29,18.91,96.73,68.75,,18.91,90.49,48.71,1.15,23.37,2.04,427.0,Severe
Ahmedabad,2019-09-27,28.2,40.35,18.36,80.73,60.32,,18.36,82.95,40.22,1.15,23.37,2.04,466.0,Severe
Ahmedabad,2019-09-28,30.18,48.65,24.72,99.02,76.5,,24.72,82.66,34.33,1.15,23.37,2.04,438.0,Severe
Ahmedabad,2019-09-29,20.71,44.65,14.94,79.1,55.63,,14.94,107.18,33.31,1.15,23.37,2.04,432.0,Severe
Ahmedabad,2019-09-30,21.94,34.95,11.62,65.04,44.98,,11.62,101.99,42.88,1.15,23.37,2.04,322.0,Very Poor
Ahmedabad,2019-10-01,33.66,56.01,11.85,92.52,58.64,,11.85,137.97,72.52,1.15,23.37,2.04,266.0,Poor
Ahmedabad,2019-10-02,51.11,106.2,21.47,118.26,82.17,,21.47,129.38,41.28,1.15,23.37,2.04,430.0,Severe
Ahmedabad,2019-10-03,57.08,126.9,18.9,98.77,69.73,,18.9,99.59,43.21,14.63,27.09,4.1,528.0,Severe
Ahmedabad,2019-10-04,49.88,127.47,25.05,101.3,77.98,,25.05,120.8,48.48,40.9,27.42,6.04,512.0,Severe
Ahmedabad,2019-10-05,57.65,138.99,49.58,168.74,138.85,,49.58,153.44,41.05,1.15,23.37,2.04,614.0,Severe
Ahmedabad,2019-10-06,68.62,117.69,55.22,132.77,102.54,,55.22,158.04,68.56,1.15,23.37,2.04,954.0,Severe
Ahmedabad,2019-10-07,99.81,155.39,36.34,162.56,119.48,,36.34,146.33,68.81,1.15,23.37,2.04,1217.0,Severe
Ahmedabad,2019-10-08,73.52,153.75,45.99,171.17,132.92,,45.99,154.99,70.66,1.15,23.37,2.04,659.0,Severe
Ahmedabad,2019-10-09,108.07,195.19,82.73,204.06,176.45,,82.73,130.56,67.73,1.15,23.37,2.04,1389.0,Severe
Ahmedabad,2019-10-10,117.13,188.14,59.24,199.03,144.33,,59.24,134.87,62.92,1.15,23.37,2.04,1195.0,Severe
Ahmedabad,2019-10-11,70.26,153.84,34.88,211.8,143.1,,34.88,139.0,67.9,1.15,23.37,2.04,615.0,Severe
Ahmedabad,2019-10-12,109.48,212.8,68.52,245.62,197.94,,68.52,178.58,54.14,1.15,23.37,2.04,904.0,Severe
Ahmedabad,2019-10-13,194.36,335.86,119.3,207.05,223.66,,119.3,,27.16,1.15,23.37,2.04,1595.0,Severe
Ahmedabad,2019-10-14,98.5,231.88,45.18,221.25,160.39,,45.18,172.85,69.56,1.15,23.37,2.04,,
Ahmedabad,2019-10-15,96.74,208.83,57.78,229.45,160.83,,57.78,156.5,59.05,1.15,23.37,2.04,919.0,Severe
Ahmedabad,2019-10-16,90.7,188.75,51.18,219.01,162.35,,51.18,135.76,77.07,1.15,23.37,2.04,1190.0,Severe
Ahmedabad,2019-10-17,100.06,175.79,39.85,239.1,160.51,,39.85,134.84,59.32,1.15,23.37,2.04,956.0,Severe
Ahmedabad,2019-10-18,109.01,174.56,40.53,217.53,148.54,,40.53,,73.44,1.15,23.37,2.04,1124.0,Severe
Ahmedabad,2019-10-19,87.87,154.68,6.94,186.56,98.87,,6.94,100.46,93.28,1.15,23.37,2.04,318.0,Very Poor
Ahmedabad,2019-10-20,89.05,129.36,5.69,159.1,83.99,,5.69,105.73,76.58,1.15,23.37,2.04,228.0,Poor
Ahmedabad,2019-10-21,81.62,118.57,1.7,121.02,60.92,,1.7,117.2,114.49,1.15,23.37,2.04,225.0,Poor
Ahmedabad,2019-10-22,84.9,128.62,3.67,108.85,57.21,,3.67,113.16,133.14,1.15,23.37,2.04,258.0,Poor
Ahmedabad,2019-10-23,46.84,83.85,6.05,114.63,62.81,,6.05,118.83,91.42,1.15,23.37,2.04,249.0,Poor
Ahmedabad,2019-10-24,53.59,106.77,4.79,152.09,79.64,,4.79,119.97,116.38,1.15,23.37,2.04,270.0,Poor
Ahmedabad,2019-10-25,82.74,148.8,7.26,186.72,99.36,,7.26,133.53,90.23,1.15,23.37,2.04,334.0,Very Poor
Ahmedabad,2019-10-26,62.7,108.91,1.41,86.91,43.97,,1.41,88.46,162.43,1.15,23.37,2.04,273.0,Poor
Ahmedabad,2019-10-27,57.54,81.3,7.32,72.14,43.54,,7.32,120.11,103.24,1.15,23.37,2.04,199.0,Moderate
Ahmedabad,2019-10-28,75.12,158.06,7.95,68.64,42.55,,7.95,106.2,55.96,1.15,23.37,2.04,212.0,Poor
Ahmedabad,2019-10-29,37.74,93.24,7.42,62.2,38.81,,7.42,110.11,51.34,1.15,23.37,2.04,200.0,Moderate
Ahmedabad,2019-10-30,20.1,52.97,16.72,74.41,55.36,,16.72,134.66,50.0,1.15,23.37,2.04,305.0,Very Poor
Ahmedabad,2019-10-31,54.57,135.53,22.31,115.84,81.95,,22.31,129.06,51.69,1.15,23.37,2.04,502.0,Severe
Ahmedabad,2019-11-01,63.17,145.88,9.85,112.58,66.15,,9.85,136.87,46.54,1.15,23.37,2.04,362.0,Very Poor
Ahmedabad,2019-11-02,42.27,111.98,10.87,87.8,55.23,,10.87,129.66,39.52,1.15,23.37,2.04,275.0,Poor
Ahmedabad,2019-11-03,33.68,69.15,23.59,115.67,83.3,,23.59,133.73,36.66,1.44,23.55,1.89,351.0,Very Poor
Ahmedabad,2019-11-04,69.31,112.61,28.8,175.04,118.22,,28.8,136.74,62.53,2.14,27.52,1.91,636.0,Severe
Ahmedabad,2019-11-05,84.29,131.73,17.04,203.26,118.58,,17.04,138.03,59.57,2.14,27.52,1.91,346.0,Very Poor
Ahmedabad,2019-11-06,112.08,171.65,28.47,192.27,126.26,,28.47,120.4,79.31,2.14,27.52,1.91,561.0,Severe
Ahmedabad,2019-11-07,56.86,79.47,15.77,156.28,94.22,,15.77,163.2,46.86,2.14,27.52,1.91,358.0,Very Poor
Ahmedabad,2019-11-08,64.96,92.32,14.87,157.51,93.79,,14.87,174.83,27.22,2.14,27.52,1.91,316.0,Very Poor
Ahmedabad,2019-11-09,48.99,107.67,14.05,163.7,95.88,,14.05,167.13,38.58,2.14,27.52,1.91,358.0,Very Poor
Ahmedabad,2019-11-10,68.07,133.46,9.16,155.92,86.5,,9.16,168.45,51.38,2.14,27.52,1.91,282.0,Poor
Ahmedabad,2019-11-11,84.08,170.94,17.69,208.92,122.08,,17.69,,49.3,2.14,27.52,1.91,289.0,Poor
Ahmedabad,2019-11-12,100.47,217.53,47.92,292.02,197.09,,47.92,,34.64,2.14,27.52,1.91,733.0,Severe
Ahmedabad,2019-11-13,88.0,145.34,18.8,226.03,131.69,,18.8,,32.59,2.14,27.52,1.91,638.0,Severe
Ahmedabad,2019-11-14,49.19,116.2,20.01,202.95,121.82,,20.01,155.16,27.68,2.14,27.52,1.91,415.0,Severe
Ahmedabad,2019-11-15,43.56,94.58,10.3,121.43,70.98,,10.3,145.89,16.36,2.14,27.52,1.91,411.0,Severe
Ahmedabad,2019-11-16,70.05,133.55,28.74,145.72,103.85,,28.74,156.97,16.41,2.14,27.52,1.91,433.0,Severe
Ahmedabad,2019-11-17,58.66,78.4,29.52,136.69,100.34,,29.52,135.46,16.08,2.14,27.52,1.91,632.0,Severe
Ahmedabad,2019-11-18,62.15,94.91,42.34,147.33,120.16,,42.34,143.33,15.8,2.14,27.52,1.91,883.0,Severe
Ahmedabad,2019-11-19,52.04,85.17,39.43,112.69,99.94,,39.43,158.25,15.84,2.14,27.52,1.91,884.0,Severe
Ahmedabad,2019-11-20,46.54,93.8,34.48,97.74,87.15,,34.48,172.68,16.99,2.14,27.52,1.91,552.0,Severe
Ahmedabad,2019-11-21,55.43,91.22,17.98,109.17,73.76,,17.98,157.33,15.43,2.14,27.52,1.91,662.0,Severe
Ahmedabad,2019-11-22,55.5,95.86,17.1,99.44,68.01,,17.1,176.88,16.02,2.14,27.52,1.91,356.0,Very Poor
Ahmedabad,2019-11-23,58.97,104.2,19.45,106.63,74.19,,19.45,132.97,14.99,2.14,27.52,1.91,477.0,Severe
Ahmedabad,2019-11-24,60.38,98.67,17.72,98.24,68.13,,17.72,137.97,16.21,2.14,27.52,1.91,443.0,Severe
Ahmedabad,2019-11-25,73.87,106.75,20.3,110.17,76.89,,20.3,127.11,15.31,2.14,27.52,1.91,378.0,Very Poor
Ahmedabad,2019-11-26,64.06,101.44,16.8,92.88,64.46,,16.8,139.64,30.45,1.83,31.73,1.78,441.0,Severe
Ahmedabad,2019-11-27,53.91,108.89,11.11,98.4,60.11,,11.11,142.7,46.08,4.92,38.32,2.02,411.0,Severe
Ahmedabad,2019-11-28,38.15,89.99,7.78,140.56,77.43,,7.78,166.39,40.11,1.46,23.05,1.8,236.0,Poor
Ahmedabad,2019-11-29,48.47,87.26,5.55,103.61,56.87,,5.55,186.08,44.3,3.84,46.94,1.65,212.0,Poor
Ahmedabad,2019-11-30,46.95,86.39,8.07,86.67,51.48,,8.07,147.78,41.06,3.5,43.31,1.72,199.0,Moderate
Ahmedabad,2019-12-01,43.06,79.08,5.26,81.68,45.84,,5.26,137.18,42.68,2.75,35.25,1.87,248.0,Poor
Ahmedabad,2019-12-02,46.74,76.39,4.02,60.49,34.1,,4.02,112.45,48.16,2.75,35.25,1.87,192.0,Moderate
Ahmedabad,2019-12-03,41.61,83.5,3.87,54.14,30.83,,3.87,123.27,57.81,2.75,35.25,1.87,134.0,Moderate
Ahmedabad,2019-12-04,77.66,99.48,4.32,62.09,35.21,,4.32,93.11,51.79,2.75,35.25,1.87,140.0,Moderate
Ahmedabad,2019-12-05,65.48,121.86,7.8,82.62,48.13,,7.8,66.09,42.3,2.75,35.25,1.87,197.0,Moderate
Ahmedabad,2019-12-06,64.87,122.33,14.15,71.51,50.36,,14.15,36.29,47.75,,,,344.0,Very Poor
Ahmedabad,2019-12-07,93.24,157.33,9.08,83.89,51.27,,9.08,36.22,53.07,,,,276.0,Poor
Ahmedabad,2019-12-08,92.26,135.81,12.09,76.33,51.02,,12.09,31.8,53.65,,,,293.0,Poor
Ahmedabad,2019-12-09,78.95,123.59,12.83,54.51,38.77,,12.83,41.87,54.56,,,,329.0,Very Poor
Ahmedabad,2019-12-10,86.88,143.98,26.73,35.11,36.8,,26.73,58.5,35.3,,,,458.0,Severe
Ahmedabad,2019-12-11,72.3,118.19,26.27,24.48,29.66,,26.27,54.58,32.36,,,,538.0,Severe
Ahmedabad,2019-12-12,62.39,116.84,14.39,14.9,16.14,,14.39,60.87,24.18,,,,520.0,Severe
Ahmedabad,2019-12-13,52.59,92.57,6.92,11.32,10.69,,6.92,25.09,23.94,,,,242.0,Poor
Ahmedabad,2019-12-14,63.33,99.3,4.66,14.79,10.69,,4.66,29.4,24.07,,,,157.0,Moderate
Ahmedabad,2019-12-15,48.58,93.92,2.56,12.0,7.76,,2.56,20.56,27.73,,,,177.0,Moderate
Ahmedabad,2019-12-16,45.47,89.73,5.2,20.62,13.94,,5.2,18.8,30.45,,,,145.0,Moderate
Ahmedabad,2019-12-17,54.42,102.4,5.67,25.45,16.65,,5.67,26.19,29.22,,,,237.0,Poor
Ahmedabad,2019-12-18,72.45,116.1,8.84,25.88,19.22,,8.84,29.77,24.83,,,,231.0,Poor
Ahmedabad,2019-12-19,89.97,155.63,28.91,28.82,33.61,,28.91,39.43,18.76,,,,391.0,Very Poor
Ahmedabad,2019-12-20,104.25,163.95,29.17,23.33,32.46,,29.17,35.42,15.46,,,,712.0,Severe
Ahmedabad,2019-12-21,64.25,121.71,10.97,34.29,24.92,,10.97,73.34,12.43,,,,206.0,Poor
Ahmedabad,2019-12-22,60.17,104.08,3.75,18.36,11.75,,3.75,39.26,8.94,,,,170.0,Moderate
Ahmedabad,2019-12-23,57.99,97.02,2.2,17.47,10.16,,2.2,52.32,6.35,,,,113.0,Moderate
Ahmedabad,2019-12-24,49.63,95.51,1.89,19.99,11.16,,1.89,79.47,4.87,,,,113.0,Moderate
Ahmedabad,2019-12-25,53.0,98.1,4.07,20.11,12.85,,4.07,69.13,5.4,,,,166.0,Moderate
Ahmedabad,2019-12-26,52.77,95.25,6.64,31.26,20.2,,6.64,50.74,10.61,,,,216.0,Poor
Ahmedabad,2019-12-27,39.89,83.69,17.34,50.41,37.37,,17.34,53.83,19.03,,,,381.0,Very Poor
Ahmedabad,2019-12-28,43.95,85.68,11.4,45.51,30.71,,11.4,73.27,19.15,,,,288.0,Poor
Ahmedabad,2019-12-29,53.52,89.41,30.94,43.92,44.52,,30.94,49.84,23.66,,,,398.0,Very Poor
Ahmedabad,2019-12-30,69.1,115.57,34.49,45.08,45.8,,34.49,68.73,23.67,66.38,271.92,65.59,703.0,Severe
Ahmedabad,2019-12-31,74.18,126.67,6.36,22.77,15.85,,6.36,95.2,23.67,3.62,17.96,2.74,385.0,Very Poor
