Ahmedabad,2018-01-01,84.46,,7.58,87.62,48.4,,7.58,102.36,69.02,14.48,45.6,6.33,278.0,Poor
Ahmedabad,2018-01-02,76.51,,9.26,76.69,44.32,,9.26,103.46,93.51,14.29,61.83,7.48,256.0,Poor
Ahmedabad,2018-01-03,63.88,,13.87,69.32,44.16,,13.87,70.3,105.33,12.77,60.99,9.5,300.0,Poor
Ahmedabad,2018-01-04,81.1,,19.42,109.07,67.15,,19.42,93.3,65.69,19.56,72.46,11.29,532.0,Severe
Ahmedabad,2018-01-05,73.61,,25.96,173.08,103.8,,25.96,93.86,36.51,17.69,61.48,9.93,534.0,Severe
Ahmedabad,2018-01-06,75.79,,31.55,146.8,95.16,,31.55,113.82,41.95,21.18,64.94,11.11,738.0,Severe
Ahmedabad,2018-01-07,77.87,,23.19,137.62,84.44,,23.19,107.58,50.46,16.52,56.8,10.21,622.0,Severe
Ahmedabad,2018-01-08,77.72,,8.91,135.66,72.82,,8.91,101.93,48.73,14.27,49.51,6.42,517.0,Severe
Ahmedabad,2018-01-09,66.89,,5.86,92.57,49.53,,5.86,89.53,68.56,9.0,37.96,4.21,216.0,Poor
Ahmedabad,2018-01-10,74.57,,16.31,133.53,77.31,,16.31,103.2,55.23,12.18,55.8,8.0,316.0,Very Poor
Ahmedabad,2018-01-11,89.1,,44.57,137.16,100.17,,44.57,92.55,59.41,18.16,59.55,18.01,586.0,Severe
Ahmedabad,2018-01-12,110.34,,30.4,150.93,94.57,,30.4,95.48,47.58,16.99,102.25,16.31,898.0,Severe
Ahmedabad,2018-01-13,82.53,,20.58,150.48,88.76,,20.58,106.65,43.23,15.93,76.58,13.48,421.0,Severe
Ahmedabad,2018-01-14,108.01,,22.69,132.63,81.63,,22.69,86.78,10.99,15.14,58.18,10.19,542.0,Severe
Ahmedabad,2018-01-15,92.94,,14.34,114.26,66.44,,14.34,83.85,51.68,11.26,38.97,7.45,610.0,Severe
Ahmedabad,2018-01-16,87.3,,44.01,163.43,112.56,,44.01,127.99,12.21,18.24,77.88,13.33,716.0,Severe
Ahmedabad,2018-01-17,89.06,,29.54,132.69,86.77,,29.54,119.07,41.74,25.0,85.81,13.5,804.0,Severe
Ahmedabad,2018-01-18,51.61,,32.42,127.3,86.29,,32.42,100.99,31.7,14.07,54.29,9.53,656.0,Severe
Ahmedabad,2018-01-19,91.13,,65.07,169.17,131.09,,65.07,128.78,25.03,21.46,61.87,9.84,1201.0,Severe
Ahmedabad,2018-01-20,88.69,,52.45,164.88,122.7,,52.45,100.85,60.49,26.98,118.22,24.42,,
Ahmedabad,2018-01-21,108.92,,30.7,273.39,155.55,,30.7,113.34,59.23,39.79,189.75,48.76,595.0,Severe
Ahmedabad,2018-01-22,89.63,,9.92,141.29,76.32,,9.92,124.11,70.9,14.07,48.33,4.11,384.0,Very Poor
Ahmedabad,2018-01-23,55.27,,29.44,86.96,66.11,,29.44,91.67,47.71,7.96,40.51,7.73,332.0,Very Poor
Ahmedabad,2018-01-24,97.88,,52.63,123.1,111.32,,52.63,100.55,40.9,25.75,109.29,18.66,1155.0,Severe
Ahmedabad,2018-01-25,128.56,,89.57,160.65,157.6,,89.57,124.43,40.06,36.0,111.01,29.73,1355.0,Severe
Ahmedabad,2018-01-26,103.63,,52.92,173.52,132.44,,52.92,96.19,43.5,24.12,102.83,20.09,1367.0,Severe
Ahmedabad,2018-01-27,102.16,,15.17,145.55,82.32,,15.17,137.02,63.22,13.51,56.14,5.82,795.0,Severe
Ahmedabad,2018-01-28,89.53,,35.38,122.51,94.35,,35.38,156.59,83.69,14.9,82.3,12.69,430.0,Severe
Ahmedabad,2018-01-29,101.92,,65.27,189.67,141.23,,65.27,125.54,41.52,18.18,69.89,13.38,1153.0,Severe
Ahmedabad,2018-01-30,117.99,,83.78,203.41,161.75,,83.78,147.58,41.0,24.68,100.81,19.45,1414.0,Severe
Ahmedabad,2018-01-31,115.79,,42.54,166.11,124.97,,42.54,151.92,32.24,12.32,41.88,8.79,1042.0,Severe
Ahmedabad,2018-02-01,189.12,,94.0,178.13,160.97,,94.0,168.44,39.06,0.74,5.81,3.21,1613.0,Severe
Ahmedabad,2018-02-02,88.37,,15.14,155.73,87.26,,15.14,106.29,44.14,0.74,5.81,3.21,433.0,Severe
Ahmedabad,2018-02-03,96.64,,73.16,201.59,152.93,,73.16,146.13,7.97,0.74,5.81,3.21,692.0,Severe
Ahmedabad,2018-02-04,98.0,,71.48,201.17,151.47,,71.48,146.25,7.94,0.74,5.81,3.21,620.0,Severe
Ahmedabad,2018-02-05,93.31,,49.85,186.16,128.01,,49.85,142.83,32.93,0.74,5.81,3.21,617.0,Severe
Ahmedabad,2018-02-06,104.89,,25.46,153.96,94.11,,25.46,121.22,38.11,0.74,5.81,3.21,590.0,Severe
Ahmedabad,2018-02-07,109.34,,27.03,156.18,96.35,,27.03,121.57,49.84,0.74,5.81,3.21,856.0,Severe
Ahmedabad,2018-02-08,70.25,,48.11,140.78,105.05,,48.11,97.56,55.79,0.74,5.81,3.21,587.0,Severe
Ahmedabad,2018-02-09,103.17,,108.99,173.67,166.23,,108.99,125.46,42.09,0.74,5.81,3.21,1423.0,Severe
Ahmedabad,2018-02-10,185.77,,124.01,172.84,186.66,,124.01,120.94,40.97,0.74,5.81,3.21,1917.0,Severe
Ahmedabad,2018-02-11,84.48,,20.33,99.65,63.78,,20.33,151.24,29.52,0.74,5.81,3.21,471.0,Severe
Ahmedabad,2018-02-12,89.41,,28.93,130.93,85.46,,28.93,110.86,34.08,0.74,5.81,3.21,488.0,Severe
Ahmedabad,2018-02-13,64.61,,10.31,117.16,64.84,,10.31,104.81,51.44,0.74,5.81,3.21,471.0,Severe
Ahmedabad,2018-02-14,65.35,,6.17,104.31,53.74,,6.17,59.29,64.67,0.74,5.81,3.21,172.0,Moderate
Ahmedabad,2018-02-15,52.18,,32.36,106.89,76.29,,32.36,84.2,62.74,0.74,5.81,3.21,390.0,Very Poor
Ahmedabad,2018-02-16,75.13,,36.67,176.38,113.4,,36.67,124.9,67.84,0.74,5.81,3.21,802.0,Severe
Ahmedabad,2018-02-17,83.65,,47.49,180.34,123.41,,47.49,130.27,47.95,0.74,5.81,3.21,1035.0,Severe
Ahmedabad,2018-02-18,220.49,,108.73,177.19,178.15,,108.73,133.39,41.76,0.74,5.81,3.21,1477.0,Severe
Ahmedabad,2018-02-19,242.66,,132.47,199.17,246.03,,132.47,,44.06,0.74,5.81,3.21,2049.0,Severe
Ahmedabad,2018-02-20,114.78,,74.41,159.18,138.66,,74.41,122.06,32.35,9.83,41.52,10.93,1314.0,Severe
Ahmedabad,2018-02-21,92.92,,66.96,164.78,130.45,,66.96,123.47,46.91,18.99,134.73,29.26,1215.0,Severe
Ahmedabad,2018-02-22,91.66,,92.86,135.71,136.23,,92.86,108.4,46.15,27.37,129.03,30.26,1483.0,Severe
Ahmedabad,2018-02-23,138.4,,134.85,141.97,169.89,,134.85,127.68,25.63,28.04,205.68,40.05,1526.0,Severe
Ahmedabad,2018-02-24,,,,,,,,,,,,,,
Ahmedabad,2018-02-25,38.82,,27.81,125.35,81.9,,27.81,91.52,46.78,7.73,72.55,16.33,,
Ahmedabad,2018-02-26,49.18,,30.05,135.69,88.62,,30.05,123.83,40.63,10.88,75.24,15.72,460.0,Severe
Ahmedabad,2018-02-27,56.42,,35.02,152.62,100.58,,35.02,124.25,44.79,11.98,88.61,18.38,700.0,Severe
Ahmedabad,2018-02-28,60.36,,18.78,177.23,100.47,,18.78,124.95,51.14,15.64,93.04,18.76,831.0,Severe
Ahmedabad,2018-03-01,54.45,,8.51,116.22,63.04,,8.51,167.13,9.36,11.97,70.75,17.01,291.0,Poor
Ahmedabad,2018-03-02,53.5,,4.52,105.31,54.74,,4.52,171.32,,11.62,69.29,16.62,132.0,Moderate
Ahmedabad,2018-03-03,41.64,,13.79,104.44,61.23,,13.79,109.4,63.12,12.47,69.84,13.17,212.0,Poor
Ahmedabad,2018-03-04,32.36,,25.68,78.27,57.34,,25.68,71.59,44.82,7.3,76.14,12.58,717.0,Severe
Ahmedabad,2018-03-05,29.98,,22.14,114.5,72.38,,22.14,97.02,37.0,8.94,64.57,11.58,525.0,Severe
Ahmedabad,2018-03-06,33.3,,52.23,128.12,111.18,,52.23,99.65,42.05,20.61,91.72,19.35,777.0,Severe
Ahmedabad,2018-03-07,56.51,,10.58,121.56,66.9,,10.58,81.19,54.42,8.42,53.98,13.31,807.0,Severe
Ahmedabad,2018-03-08,88.85,,46.93,147.44,109.62,,46.93,82.23,67.24,13.08,69.23,13.24,520.0,Severe
Ahmedabad,2018-03-09,111.68,,41.3,119.71,108.46,,41.3,94.48,53.57,17.49,68.66,16.0,1171.0,Severe
Ahmedabad,2018-03-10,114.06,,52.37,131.09,118.44,,52.37,82.54,56.94,56.27,107.66,25.67,1332.0,Severe
Ahmedabad,2018-03-11,116.93,,31.48,118.96,104.3,,31.48,98.31,53.2,24.48,128.41,25.34,1260.0,Severe
Ahmedabad,2018-03-12,84.19,,51.41,136.64,105.02,,51.41,101.89,50.69,21.27,63.94,9.42,708.0,Severe
Ahmedabad,2018-03-13,98.53,,70.03,101.27,105.37,,70.03,82.76,38.63,14.37,58.25,11.7,1108.0,Severe
Ahmedabad,2018-03-14,84.16,,17.12,91.61,57.46,,17.12,72.88,24.38,13.56,35.06,6.01,761.0,Severe
Ahmedabad,2018-03-15,71.82,,37.72,77.57,75.31,,37.72,59.98,46.07,15.85,41.29,8.02,541.0,Severe
Ahmedabad,2018-03-16,80.51,,80.75,83.56,104.64,,80.75,45.11,36.86,19.32,76.59,13.9,1274.0,Severe
Ahmedabad,2018-03-17,133.48,,54.16,112.13,95.12,,54.16,93.54,45.02,14.09,54.92,9.61,1241.0,Severe
Ahmedabad,2018-03-18,116.54,,45.17,140.86,103.35,,45.17,118.35,10.65,11.53,66.97,9.89,1210.0,Severe
Ahmedabad,2018-03-19,98.49,,17.14,87.62,55.53,,17.14,56.14,,7.12,31.65,5.03,301.0,Very Poor
Ahmedabad,2018-03-20,160.68,,14.93,97.06,58.49,,14.93,51.32,59.78,7.58,39.23,4.58,549.0,Severe
Ahmedabad,2018-03-21,102.05,,15.35,81.15,51.04,,15.35,57.4,47.29,0.99,7.55,6.0,414.0,Severe
Ahmedabad,2018-03-22,100.33,,9.58,92.44,52.24,,9.58,37.78,60.16,0.74,5.89,3.79,484.0,Severe
Ahmedabad,2018-03-23,99.73,,30.04,152.23,96.68,,30.04,75.71,62.24,0.74,6.68,3.21,577.0,Severe
Ahmedabad,2018-03-24,104.22,,39.51,142.95,118.86,,39.51,72.1,52.74,0.74,5.81,3.21,862.0,Severe
Ahmedabad,2018-03-25,109.8,,30.62,132.61,87.54,,30.62,99.72,57.77,0.74,5.81,3.21,889.0,Severe
Ahmedabad,2018-03-26,124.44,,42.25,147.48,125.33,,42.25,119.98,51.56,0.74,5.81,3.21,1001.0,Severe
Ahmedabad,2018-03-27,180.27,,63.29,156.21,132.31,,63.29,118.43,50.27,7.21,31.9,6.99,1156.0,Severe
Ahmedabad,2018-03-28,138.6,,13.28,93.81,55.67,,13.28,116.67,55.1,12.15,41.59,6.18,691.0,Severe
Ahmedabad,2018-03-29,139.21,,61.15,148.06,117.86,,61.15,103.12,63.73,16.49,48.57,8.29,308.0,Very Poor
Ahmedabad,2018-03-30,154.09,,51.8,101.12,94.39,,51.8,111.55,48.08,17.66,60.63,10.61,965.0,Severe
Ahmedabad,2018-03-31,121.0,,14.95,93.59,56.81,,14.95,119.43,50.94,9.17,34.15,4.39,1434.0,Severe
Ahmedabad,2018-04-01,80.56,,44.37,126.32,95.06,,44.37,118.21,52.22,10.26,49.38,7.55,579.0,Severe
Ahmedabad,2018-04-02,103.75,,22.81,98.54,65.46,,22.81,117.34,50.17,11.45,56.31,8.65,1034.0,Severe
Ahmedabad,2018-04-03,75.68,,10.93,70.57,42.58,,10.93,106.94,68.45,8.15,32.62,4.76,498.0,Severe
Ahmedabad,2018-04-04,62.83,,21.11,68.69,49.24,,21.11,67.09,71.3,9.24,29.75,5.67,265.0,Poor
Ahmedabad,2018-04-05,104.23,,40.3,69.08,63.98,,40.3,19.21,42.57,15.3,42.19,8.47,740.0,Severe
Ahmedabad,2018-04-06,91.04,,5.88,64.6,35.89,,5.88,74.09,29.65,7.72,23.75,3.88,856.0,Severe
Ahmedabad,2018-04-07,90.13,,15.24,81.38,51.07,,15.24,73.62,73.07,8.88,32.62,5.49,304.0,Very Poor
Ahmedabad,2018-04-08,160.43,,19.45,65.53,46.48,,19.45,49.95,55.47,11.37,31.65,4.75,657.0,Severe
Ahmedabad,2018-04-09,94.55,,20.11,58.27,43.43,,20.11,51.53,57.33,3.6,24.02,3.49,403.0,Severe
Ahmedabad,2018-04-10,124.59,,30.88,67.31,55.88,,30.88,82.97,27.52,9.43,37.02,3.85,596.0,Severe
Ahmedabad,2018-04-11,92.5,,18.14,61.82,43.69,,18.14,77.85,22.98,7.83,26.62,3.21,392.0,Very Poor
Ahmedabad,2018-04-12,86.29,,16.35,60.84,41.88,,16.35,82.34,31.03,6.17,25.77,3.63,414.0,Severe
Ahmedabad,2018-04-13,104.21,,22.52,72.51,52.07,,22.52,65.42,39.14,10.93,36.5,7.05,442.0,Severe
Ahmedabad,2018-04-14,88.5,,26.61,60.36,49.28,,26.61,3.3,32.95,10.73,32.52,5.64,438.0,Severe
Ahmedabad,2018-04-15,84.47,,23.17,61.41,47.25,,23.17,3.3,45.89,7.15,33.77,4.58,561.0,Severe
Ahmedabad,2018-04-16,73.54,,29.4,62.95,52.65,,29.4,3.3,,9.83,39.22,5.94,660.0,Severe
Ahmedabad,2018-04-17,53.89,,31.91,58.22,52.21,,31.91,18.91,60.58,2.32,14.65,3.73,616.0,Severe
Ahmedabad,2018-04-18,60.08,,48.77,47.34,60.53,,48.77,22.65,51.62,6.72,30.49,6.85,855.0,Severe
Ahmedabad,2018-04-19,53.13,,12.2,44.61,30.87,,12.2,94.03,36.42,4.19,20.03,4.64,633.0,Severe
Ahmedabad,2018-04-20,71.3,,7.93,35.8,23.38,,7.93,63.28,34.83,0.74,6.61,3.21,274.0,Poor
Ahmedabad,2018-04-21,37.9,,4.96,31.24,18.93,,4.96,16.31,34.76,0.74,15.2,3.21,210.0,Poor
Ahmedabad,2018-04-22,78.18,,20.3,71.56,50.06,,20.3,51.41,10.44,6.65,35.04,5.1,478.0,Severe
Ahmedabad,2018-04-23,56.35,,25.34,86.03,60.88,,25.34,15.96,77.4,7.94,40.35,8.15,465.0,Severe
Ahmedabad,2018-04-24,59.66,,47.44,77.68,77.3,,47.44,26.01,63.51,11.44,63.31,9.05,836.0,Severe
Ahmedabad,2018-04-25,114.6,,42.76,36.29,49.36,,42.76,22.99,56.47,9.97,51.66,10.88,1235.0,Severe
Ahmedabad,2018-04-26,74.48,,9.84,51.25,32.34,,9.84,48.6,37.97,5.49,26.4,3.76,525.0,Severe
Ahmedabad,2018-04-27,81.11,,25.37,48.95,42.76,,25.37,40.55,26.21,8.55,37.83,5.85,525.0,Severe
Ahmedabad,2018-04-28,100.39,,10.39,42.83,28.5,,10.39,42.89,30.16,5.91,23.33,3.34,650.0,Severe
Ahmedabad,2018-04-29,39.97,,7.15,32.39,19.83,,7.15,30.7,36.08,2.62,15.35,3.21,219.0,Poor
Ahmedabad,2018-04-30,53.61,,16.93,37.01,19.98,,16.93,51.64,16.92,6.99,21.11,2.51,328.0,Very Poor
Ahmedabad,2018-05-01,63.06,,13.88,28.22,24.09,,13.88,69.46,25.88,9.26,28.44,0.65,351.0,Very Poor
Ahmedabad,2018-05-02,46.17,,10.7,30.48,22.85,,10.7,51.35,27.9,6.65,28.04,0.65,286.0,Poor
Ahmedabad,2018-05-03,61.24,,14.21,35.33,27.84,,14.21,82.15,9.69,8.99,32.13,0.65,337.0,Very Poor
Ahmedabad,2018-05-04,41.81,,8.66,27.69,19.91,,8.66,36.92,,5.04,23.67,0.65,249.0,Poor
Ahmedabad,2018-05-05,55.09,,15.63,33.93,28.21,,15.63,57.46,,15.19,32.95,1.79,376.0,Very Poor
Ahmedabad,2018-05-06,65.54,,13.95,36.07,27.95,,13.95,87.14,,11.0,31.53,0.65,415.0,Severe
Ahmedabad,2018-05-07,41.04,,7.56,28.36,19.48,,7.56,54.07,,5.02,20.38,0.65,228.0,Poor
Ahmedabad,2018-05-08,49.71,,9.59,28.6,21.11,,9.59,53.54,34.54,7.95,26.87,0.65,266.0,Poor
Ahmedabad,2018-05-09,44.75,,10.25,28.9,21.64,,10.25,65.8,28.02,7.63,26.17,1.04,257.0,Poor
Ahmedabad,2018-05-10,45.84,,26.72,29.72,34.15,,26.72,61.44,35.85,13.84,45.8,4.61,409.0,Severe
Ahmedabad,2018-05-11,76.36,,8.33,33.82,22.72,,8.33,96.8,51.0,7.07,30.0,0.65,524.0,Severe
Ahmedabad,2018-05-12,44.79,,7.28,32.12,21.1,,7.28,74.84,37.9,6.22,30.82,0.65,222.0,Poor
Ahmedabad,2018-05-13,50.16,,13.86,28.17,24.09,,13.86,80.78,28.52,7.5,31.48,0.65,332.0,Very Poor
Ahmedabad,2018-05-14,49.07,,8.51,30.74,21.34,,8.51,88.3,27.48,6.89,31.88,0.65,272.0,Poor
Ahmedabad,2018-05-15,46.06,,7.07,27.6,18.74,,7.07,59.55,32.54,5.54,27.16,0.65,232.0,Poor
Ahmedabad,2018-05-16,52.82,,9.88,28.48,21.26,,9.88,73.73,27.07,6.94,29.35,0.96,247.0,Poor
Ahmedabad,2018-05-17,53.39,,6.91,30.28,19.9,,6.91,56.45,31.93,6.21,32.04,0.82,254.0,Poor
Ahmedabad,2018-05-18,59.44,,6.67,31.77,20.48,,6.67,86.73,38.54,5.65,31.0,0.65,236.0,Poor
Ahmedabad,2018-05-19,71.01,,7.69,38.17,24.36,,7.69,106.62,24.78,9.05,35.54,0.93,273.0,Poor
Ahmedabad,2018-05-20,59.98,,8.89,31.95,22.22,,8.89,97.46,,7.68,31.62,0.87,273.0,Poor
Ahmedabad,2018-05-21,50.7,,8.58,33.44,22.69,,8.58,27.74,59.94,6.92,32.76,0.65,256.0,Poor
Ahmedabad,2018-05-22,69.87,,6.96,34.82,22.14,,6.96,16.35,40.76,8.23,32.22,0.65,217.0,Poor
Ahmedabad,2018-05-23,61.53,,10.41,42.53,28.52,,10.41,17.94,48.3,9.75,38.71,1.37,291.0,Poor
Ahmedabad,2018-05-24,67.03,,10.37,38.68,26.61,,10.37,21.21,32.34,9.79,33.02,0.65,314.0,Very Poor
Ahmedabad,2018-05-25,43.37,,20.03,35.01,32.02,,20.03,56.38,40.07,8.28,43.42,3.43,355.0,Very Poor
Ahmedabad,2018-05-26,60.05,,22.86,40.83,36.98,,22.86,95.07,33.52,16.03,50.15,4.78,587.0,Severe
Ahmedabad,2018-05-27,56.93,,10.46,30.45,22.62,,10.46,102.66,37.12,6.98,33.54,0.87,535.0,Severe
Ahmedabad,2018-05-28,44.14,,18.18,18.82,24.15,,18.18,109.33,31.1,5.48,30.25,0.65,366.0,Very Poor
Ahmedabad,2018-05-29,69.0,,25.24,7.32,21.03,,25.24,131.7,,4.74,30.99,0.65,404.0,Severe
Ahmedabad,2018-05-30,43.53,,17.41,58.56,25.49,,17.41,56.99,20.24,4.3,28.74,1.97,,
Ahmedabad,2018-05-31,16.63,,14.05,73.8,42.09,,14.05,62.47,19.51,4.46,28.21,0.88,,
Ahmedabad,2018-06-01,78.16,,18.21,55.31,40.57,,18.21,59.64,15.87,5.1,30.68,0.65,355.0,Very Poor
Ahmedabad,2018-06-02,83.27,,15.82,50.38,36.38,,15.82,46.16,18.23,6.38,27.68,0.65,338.0,Very Poor
Ahmedabad,2018-06-03,63.79,,14.35,48.44,34.34,,14.35,56.5,,5.66,23.81,0.65,351.0,Very Poor
Ahmedabad,2018-06-04,50.27,,9.53,46.15,29.62,,9.53,43.76,,4.93,23.3,0.65,280.0,Poor
Ahmedabad,2018-06-05,51.54,,13.48,51.04,34.95,,13.48,37.58,6.9,5.61,31.16,0.65,297.0,Poor
Ahmedabad,2018-06-06,54.35,,11.58,50.45,33.25,,11.58,49.66,14.85,5.31,25.54,0.65,319.0,Very Poor
Ahmedabad,2018-06-07,53.59,,10.18,45.53,29.81,,10.18,59.53,17.93,4.73,22.97,0.65,247.0,Poor
Ahmedabad,2018-06-08,55.77,,13.06,45.87,32.12,,13.06,44.42,13.14,5.04,23.88,0.65,321.0,Very Poor
Ahmedabad,2018-06-09,63.58,,13.97,43.32,31.56,,13.97,63.59,5.08,6.97,29.52,0.65,319.0,Very Poor
Ahmedabad,2018-06-10,103.08,,16.31,59.19,39.35,,16.31,53.73,,9.25,31.08,2.75,345.0,Very Poor
Ahmedabad,2018-06-11,78.25,,24.41,35.12,35.35,,24.41,44.25,14.76,4.86,44.1,1.03,492.0,Severe
Ahmedabad,2018-06-12,77.84,,35.49,31.88,42.03,,35.49,44.19,21.0,7.51,65.42,1.39,491.0,Severe
Ahmedabad,2018-06-13,69.99,,39.53,43.61,50.77,,39.53,30.82,21.49,7.39,57.46,0.72,503.0,Severe
Ahmedabad,2018-06-14,78.7,,43.78,42.9,53.6,,43.78,31.43,20.06,8.43,59.55,1.17,523.0,Severe
Ahmedabad,2018-06-15,59.96,,43.3,36.48,50.1,,43.3,34.88,17.65,8.2,63.22,0.84,539.0,Severe
Ahmedabad,2018-06-16,48.27,,38.0,36.24,46.04,,38.0,34.93,18.73,6.47,60.4,1.3,492.0,Severe
Ahmedabad,2018-06-17,44.81,,41.38,35.46,48.18,,41.38,37.6,,5.08,62.54,0.94,513.0,Severe
Ahmedabad,2018-06-18,55.21,,39.11,35.74,46.62,,39.11,39.57,,4.61,64.19,0.96,497.0,Severe
Ahmedabad,2018-06-19,40.89,,29.34,44.16,43.44,,29.34,31.95,,4.36,62.59,0.8,433.0,Severe
Ahmedabad,2018-06-20,41.59,,35.38,49.96,50.77,,35.38,43.99,,4.88,66.45,1.15,484.0,Severe
Ahmedabad,2018-06-21,39.02,,33.35,49.53,49.05,,33.35,40.84,,4.85,66.65,1.88,471.0,Severe
Ahmedabad,2018-06-22,33.5,,38.95,49.55,53.24,,38.95,41.5,,4.28,67.57,1.39,502.0,Severe
Ahmedabad,2018-06-23,39.42,,35.54,51.25,51.52,,35.54,47.27,,4.0,65.57,1.1,495.0,Severe
Ahmedabad,2018-06-24,46.84,,65.72,54.72,73.09,,65.72,36.48,23.07,9.31,78.82,13.73,486.0,Severe
Ahmedabad,2018-06-25,51.63,,44.96,43.38,54.71,,44.96,27.32,,7.05,64.39,2.56,524.0,Severe
Ahmedabad,2018-06-26,38.12,,40.63,45.66,52.59,,40.63,26.76,,6.64,58.54,0.65,556.0,Severe
Ahmedabad,2018-06-27,27.79,,37.69,41.59,48.41,,37.69,39.2,13.74,6.64,55.54,1.1,508.0,Severe
Ahmedabad,2018-06-28,36.27,,25.63,45.79,41.46,,25.63,54.98,10.53,7.39,39.1,5.67,413.0,Severe
Ahmedabad,2018-06-29,76.41,,26.44,53.18,45.67,,26.44,43.42,2.05,6.07,43.73,1.54,421.0,Severe
Ahmedabad,2018-06-30,62.72,,21.89,50.49,40.97,,21.89,22.02,0.72,7.76,21.06,2.85,400.0,Very Poor
Ahmedabad,2018-07-01,48.12,,19.06,61.63,44.28,,19.06,24.98,0.91,4.82,21.34,1.19,361.0,Very Poor
Ahmedabad,2018-07-02,36.8,,21.07,53.33,41.74,,21.07,24.97,1.16,5.02,33.98,1.11,385.0,Very Poor
Ahmedabad,2018-07-03,41.37,,25.53,38.1,37.64,,25.53,18.91,1.08,4.73,42.94,0.65,428.0,Severe
Ahmedabad,2018-07-04,302.08,,27.2,28.1,34.0,,27.2,46.94,0.88,5.26,43.43,0.65,440.0,Severe
Ahmedabad,2018-07-05,37.15,,34.33,58.02,53.92,,34.33,34.41,1.04,7.62,47.28,5.26,510.0,Severe
Ahmedabad,2018-07-06,59.76,,29.58,57.8,50.27,,29.58,17.67,2.02,6.57,44.61,0.8,513.0,Severe
Ahmedabad,2018-07-07,71.94,,17.35,98.32,60.91,,17.35,25.74,2.03,6.49,55.23,6.37,365.0,Very Poor
Ahmedabad,2018-07-08,47.95,,17.08,151.73,87.48,,17.08,25.91,2.51,4.57,103.81,2.86,336.0,Very Poor
Ahmedabad,2018-07-09,55.91,,19.87,66.69,47.36,,19.87,32.64,1.8,4.73,68.95,1.92,377.0,Very Poor
Ahmedabad,2018-07-10,72.06,,24.72,59.1,47.28,,24.72,32.64,1.26,6.55,29.36,0.75,442.0,Severe
Ahmedabad,2018-07-11,127.23,,29.02,37.32,39.86,,29.02,26.37,0.38,9.88,43.19,1.07,421.0,Severe
Ahmedabad,2018-07-12,127.37,,25.58,40.59,38.89,,25.58,34.39,2.77,9.63,41.09,2.52,428.0,Severe
Ahmedabad,2018-07-13,36.42,,30.52,49.52,46.93,,30.52,37.17,3.29,5.56,58.37,0.65,472.0,Severe
Ahmedabad,2018-07-14,40.97,,29.94,113.8,77.86,,29.94,22.82,3.69,7.93,52.09,0.94,478.0,Severe
Ahmedabad,2018-07-15,33.38,,20.68,62.15,45.75,,20.68,21.06,4.35,4.45,21.03,0.65,422.0,Severe
Ahmedabad,2018-07-16,33.51,,17.84,40.85,33.24,,17.84,28.85,7.95,4.82,20.33,0.65,347.0,Very Poor
Ahmedabad,2018-07-17,29.56,,30.82,74.11,59.15,,30.82,19.34,3.34,8.73,35.82,6.65,461.0,Severe
Ahmedabad,2018-07-18,21.89,,27.75,63.9,51.88,,27.75,16.32,3.02,5.8,30.43,0.65,447.0,Severe
Ahmedabad,2018-07-19,44.87,,31.41,68.29,56.75,,31.41,17.39,3.24,10.48,40.62,0.65,486.0,Severe
Ahmedabad,2018-07-20,33.16,,31.02,54.23,49.6,,31.02,17.09,4.47,11.79,37.99,1.16,510.0,Severe
Ahmedabad,2018-07-21,45.25,,35.01,61.65,56.2,,35.01,23.87,2.96,13.66,45.89,0.9,576.0,Severe
Ahmedabad,2018-07-22,48.95,,25.57,63.01,49.82,,25.57,19.19,2.96,9.86,57.34,1.03,485.0,Severe
Ahmedabad,2018-07-23,42.89,,34.86,51.28,51.03,,34.86,19.96,,8.55,56.71,0.79,488.0,Severe
Ahmedabad,2018-07-24,48.36,,43.24,57.71,60.42,,43.24,21.19,,9.96,55.29,0.79,613.0,Severe
Ahmedabad,2018-07-25,51.7,,39.25,54.05,55.65,,39.25,20.02,,10.25,37.19,0.72,577.0,Severe
Ahmedabad,2018-07-26,43.18,,29.79,51.27,47.24,,29.79,18.21,,6.41,27.58,0.65,474.0,Severe
Ahmedabad,2018-07-27,35.8,,29.72,48.89,46.03,,29.72,19.94,,5.77,26.88,0.65,458.0,Severe
Ahmedabad,2018-07-28,37.76,,23.91,45.39,39.98,,23.91,19.83,,4.59,25.32,0.65,428.0,Severe
Ahmedabad,2018-07-29,38.1,,27.77,47.92,44.1,,27.77,25.27,,4.78,26.7,0.65,429.0,Severe
Ahmedabad,2018-07-30,39.43,,29.96,47.83,45.69,,29.96,24.1,,4.98,28.67,0.65,461.0,Severe
Ahmedabad,2018-07-31,51.78,,28.69,45.29,43.51,,28.69,61.88,,5.42,25.96,0.65,450.0,Severe
Ahmedabad,2018-08-01,63.4,,26.58,48.24,43.36,,26.58,109.6,,5.72,24.87,0.65,453.0,Severe
Ahmedabad,2018-08-02,58.21,,25.51,49.85,43.35,,25.51,106.17,,5.99,28.19,0.65,459.0,Severe
Ahmedabad,2018-08-03,47.83,,25.73,49.36,43.28,,25.73,113.31,3.22,6.3,23.79,0.65,468.0,Severe
Ahmedabad,2018-08-04,53.64,,22.52,52.64,42.05,,22.52,96.72,2.86,4.54,22.09,0.65,424.0,Severe
Ahmedabad,2018-08-05,48.18,,18.31,51.41,38.75,,18.31,104.62,2.81,4.08,19.29,0.65,366.0,Very Poor
Ahmedabad,2018-08-06,56.75,,28.82,59.07,49.74,,28.82,126.12,4.84,5.84,29.82,0.65,465.0,Severe
Ahmedabad,2018-08-07,41.21,,25.18,38.73,37.68,,25.18,83.84,9.92,4.42,26.35,0.65,434.0,Severe
Ahmedabad,2018-08-08,37.33,,29.18,47.75,45.07,,29.18,58.25,6.63,5.0,35.8,0.65,470.0,Severe
Ahmedabad,2018-08-09,28.74,,25.17,45.61,41.03,,25.17,41.84,20.2,5.46,24.83,0.65,455.0,Severe
Ahmedabad,2018-08-10,34.05,,27.58,46.79,43.41,,27.58,29.66,22.77,5.79,24.71,0.65,489.0,Severe
Ahmedabad,2018-08-11,28.94,,21.18,53.02,41.66,,21.18,26.92,16.38,5.76,20.92,0.65,431.0,Severe
Ahmedabad,2018-08-12,25.06,,25.26,54.71,45.54,,25.26,21.64,10.33,4.72,21.53,0.65,402.0,Severe
Ahmedabad,2018-08-13,32.05,,29.19,48.62,45.5,,29.19,42.09,10.76,5.34,21.8,0.65,469.0,Severe
Ahmedabad,2018-08-14,44.02,,30.74,54.33,49.44,,30.74,48.99,7.14,4.95,21.77,0.65,476.0,Severe
Ahmedabad,2018-08-15,48.73,,27.87,47.11,43.78,,27.87,31.19,11.25,5.89,22.14,0.65,459.0,Severe
Ahmedabad,2018-08-16,43.54,,12.25,39.05,28.19,,12.25,43.71,22.45,4.41,19.58,0.65,342.0,Very Poor
Ahmedabad,2018-08-17,28.66,,18.31,55.15,40.57,,18.31,32.57,15.68,4.86,19.27,0.65,311.0,Very Poor
Ahmedabad,2018-08-18,31.01,,26.43,63.76,50.83,,26.43,128.43,18.69,6.33,27.76,3.17,467.0,Severe
Ahmedabad,2018-08-19,33.95,,30.33,67.31,55.47,,30.33,152.48,14.95,8.26,51.62,16.89,429.0,Severe
Ahmedabad,2018-08-20,33.7,,24.01,59.07,46.74,,24.01,156.24,23.59,7.07,31.28,0.65,490.0,Severe
Ahmedabad,2018-08-21,48.21,,29.28,66.43,54.26,,29.28,151.44,13.38,5.93,25.08,0.65,445.0,Severe
Ahmedabad,2018-08-22,40.66,,30.95,61.16,52.93,,30.95,120.48,14.02,5.55,27.97,0.65,499.0,Severe
Ahmedabad,2018-08-23,38.65,,30.68,60.26,52.29,,30.68,146.84,16.31,5.28,28.84,1.07,482.0,Severe
Ahmedabad,2018-08-24,49.47,,34.28,63.28,56.19,,34.28,88.36,13.94,4.75,23.45,0.65,527.0,Severe
Ahmedabad,2018-08-25,33.2,,36.15,56.35,54.46,,36.15,96.68,8.76,4.88,22.06,0.65,556.0,Severe
Ahmedabad,2018-08-26,34.52,,31.19,51.26,48.28,,31.19,66.48,,4.46,19.16,0.65,482.0,Severe
Ahmedabad,2018-08-27,44.57,,33.12,57.85,52.94,,33.12,34.74,,4.75,23.18,1.02,597.0,Severe
Ahmedabad,2018-08-28,58.92,,26.74,67.8,53.03,,26.74,56.88,,4.68,28.77,0.79,491.0,Severe
Ahmedabad,2018-08-29,51.03,,26.37,63.05,50.44,,26.37,49.27,,6.52,26.46,0.65,460.0,Severe
Ahmedabad,2018-08-30,45.77,,33.34,54.56,51.5,,33.34,25.47,,5.48,25.45,0.83,510.0,Severe
Ahmedabad,2018-08-31,38.22,,41.0,60.3,60.01,,41.0,59.94,,6.74,29.19,0.65,623.0,Severe
Ahmedabad,2018-09-01,34.44,,35.18,58.49,54.79,,35.18,85.34,,4.8,25.59,0.65,577.0,Severe
Ahmedabad,2018-09-02,28.8,,28.47,49.07,45.18,,28.47,101.38,,4.38,23.87,0.65,440.0,Severe
Ahmedabad,2018-09-03,,,,,,,,,,,,,,
Ahmedabad,2018-09-04,114.85,,33.16,85.74,66.57,,33.16,28.74,17.57,3.94,16.02,0.65,,
Ahmedabad,2018-09-05,20.8,,26.8,70.32,54.3,,26.8,53.18,22.44,3.94,16.02,0.65,,
Ahmedabad,2018-09-06,22.14,,28.37,68.25,54.47,,28.37,49.31,22.93,3.94,16.02,0.65,520.0,Severe
Ahmedabad,2018-09-07,19.66,,24.39,65.16,49.98,,24.39,56.92,26.6,3.94,16.02,0.65,518.0,Severe
Ahmedabad,2018-09-08,22.3,,34.43,74.87,62.22,,34.43,60.72,,3.94,16.02,0.65,524.0,Severe
Ahmedabad,2018-09-09,22.33,,40.34,74.32,66.36,,40.34,111.98,,3.94,16.02,0.65,576.0,Severe
Ahmedabad,2018-09-10,18.54,,43.81,58.57,61.27,,43.81,102.83,,3.94,16.02,0.65,688.0,Severe
Ahmedabad,2018-09-11,17.91,,32.15,57.3,51.94,,32.15,74.72,,3.94,16.02,0.65,521.0,Severe
Ahmedabad,2018-09-12,16.28,,26.67,57.19,47.8,,26.67,50.26,,3.94,16.02,0.65,447.0,Severe
Ahmedabad,2018-09-13,21.06,,29.17,53.85,48.04,,29.17,65.55,,3.94,16.02,0.65,477.0,Severe
Ahmedabad,2018-09-14,20.82,,31.54,53.22,49.5,,31.54,60.88,,3.94,16.02,0.65,481.0,Severe
Ahmedabad,2018-09-15,18.18,,33.85,62.81,55.9,,33.85,71.39,,3.94,16.02,0.65,500.0,Severe
Ahmedabad,2018-09-16,21.41,,32.1,75.42,60.74,,32.1,73.4,,3.94,16.02,0.65,530.0,Severe
Ahmedabad,2018-09-17,24.51,,34.65,82.95,66.32,,34.65,63.4,,3.94,16.02,0.65,696.0,Severe
Ahmedabad,2018-09-18,28.15,,29.08,88.14,64.7,,29.08,70.24,,3.94,16.02,0.65,580.0,Severe
Ahmedabad,2018-09-19,23.65,,22.79,74.6,53.4,,22.79,65.46,,3.94,16.02,0.65,546.0,Severe
Ahmedabad,2018-09-20,25.32,,38.95,85.39,70.72,,38.95,43.6,,3.94,16.02,0.65,631.0,Severe
Ahmedabad,2018-09-21,25.87,,23.11,100.26,66.16,,23.11,30.28,,3.94,16.02,0.65,876.0,Severe
Ahmedabad,2018-09-22,22.62,,23.36,121.4,76.65,,23.36,42.11,,3.94,16.02,0.65,493.0,Severe
Ahmedabad,2018-09-23,21.12,,22.46,66.12,49.02,,22.46,27.9,,3.94,16.02,0.65,410.0,Severe
Ahmedabad,2018-09-24,21.79,,25.94,63.21,50.19,,25.94,25.39,,3.94,16.02,0.65,398.0,Very Poor
Ahmedabad,2018-09-25,18.87,,27.35,85.35,62.04,,27.35,38.27,,3.94,16.02,0.65,457.0,Severe
Ahmedabad,2018-09-26,22.11,,24.68,100.39,67.38,,24.68,78.83,,3.94,16.02,0.65,428.0,Severe
Ahmedabad,2018-09-27,24.07,,20.32,133.0,80.04,,20.32,45.29,75.33,3.94,16.02,0.65,413.0,Severe
Ahmedabad,2018-09-28,25.9,,40.29,165.62,110.86,,40.29,56.95,37.07,3.94,16.02,0.65,680.0,Severe
Ahmedabad,2018-09-29,29.8,,42.91,169.17,114.54,,42.91,64.17,53.0,3.94,16.02,0.65,787.0,Severe
Ahmedabad,2018-09-30,29.37,,42.88,163.3,111.66,,42.88,60.33,44.38,3.94,16.02,0.65,862.0,Severe
Ahmedabad,2018-10-01,33.95,,59.21,191.14,136.93,,59.21,74.04,45.36,3.94,16.02,0.65,951.0,Severe
Ahmedabad,2018-10-02,31.13,,26.73,177.13,106.35,,26.73,53.57,67.63,4.26,14.93,1.28,712.0,Severe
Ahmedabad,2018-10-03,58.28,,15.84,127.95,74.24,,15.84,128.38,66.85,4.41,12.36,3.3,483.0,Severe
Ahmedabad,2018-10-04,63.92,,12.95,102.78,46.66,,12.95,92.16,69.39,3.65,12.86,4.34,379.0,Very Poor
Ahmedabad,2018-10-05,73.89,,4.5,53.74,28.34,,4.5,46.31,59.52,3.65,12.86,4.34,214.0,Poor
Ahmedabad,2018-10-06,79.37,,30.71,62.42,50.34,,30.71,80.71,69.32,3.77,17.32,5.84,508.0,Severe
Ahmedabad,2018-10-07,78.64,,32.81,68.8,58.04,,32.81,75.18,57.87,3.87,21.26,7.16,713.0,Severe
Ahmedabad,2018-10-08,122.92,,34.89,94.67,72.22,,34.89,119.78,40.0,3.87,21.26,7.16,688.0,Severe
Ahmedabad,2018-10-09,160.05,,34.65,115.92,82.4,,34.65,90.5,48.77,3.87,21.26,7.16,844.0,Severe
Ahmedabad,2018-10-10,113.9,,46.02,68.38,63.36,,46.02,100.12,65.26,3.87,21.26,7.16,786.0,Severe
Ahmedabad,2018-10-11,126.66,,33.97,112.69,45.73,,33.97,76.09,55.06,3.87,21.26,7.16,664.0,Severe
Ahmedabad,2018-10-12,116.02,,44.47,98.22,48.04,,44.47,64.62,39.74,3.87,21.26,7.16,914.0,Severe
Ahmedabad,2018-10-13,96.65,,25.15,110.33,40.26,,25.15,53.75,59.62,3.87,21.26,7.16,536.0,Severe
Ahmedabad,2018-10-14,110.05,,19.73,114.23,38.17,,19.73,101.29,51.12,3.87,21.26,7.16,403.0,Severe
Ahmedabad,2018-10-15,109.84,,23.16,104.87,37.85,,23.16,72.69,60.82,3.87,21.26,7.16,427.0,Severe
Ahmedabad,2018-10-16,140.06,,28.2,146.82,50.64,,28.2,98.85,57.6,3.87,21.26,7.16,685.0,Severe
Ahmedabad,2018-10-17,109.11,,29.19,118.85,44.54,,29.19,94.22,60.25,3.87,21.26,7.16,558.0,Severe
Ahmedabad,2018-10-18,107.26,,26.76,94.48,37.38,,26.76,90.9,48.62,3.87,21.26,7.16,487.0,Severe
Ahmedabad,2018-10-19,105.87,,18.18,90.33,31.62,,18.18,97.98,46.82,3.87,21.26,7.16,453.0,Severe
Ahmedabad,2018-10-20,101.86,,27.99,105.96,40.8,,27.99,89.37,54.3,3.87,21.26,7.16,559.0,Severe
Ahmedabad,2018-10-21,96.15,,94.41,80.49,71.73,,94.41,76.61,42.8,3.87,21.26,7.16,1291.0,Severe
Ahmedabad,2018-10-22,88.58,,112.71,85.92,85.03,,112.71,90.9,57.78,3.87,21.26,7.16,1350.0,Severe
Ahmedabad,2018-10-23,129.98,,81.12,97.96,69.53,,81.12,70.06,,3.87,21.26,7.16,1561.0,Severe
Ahmedabad,2018-10-24,103.71,,34.72,111.67,45.91,,34.72,54.23,119.43,3.87,21.26,7.16,906.0,Severe
Ahmedabad,2018-10-25,121.11,,51.7,137.41,61.49,,51.7,78.64,58.07,3.87,21.26,7.16,824.0,Severe
Ahmedabad,2018-10-26,82.49,,30.47,80.4,36.1,,30.47,61.13,48.85,3.87,21.26,7.16,578.0,Severe
Ahmedabad,2018-10-27,72.93,,90.96,78.54,73.82,,90.96,39.24,69.95,3.87,21.26,7.16,161.0,Moderate
Ahmedabad,2018-10-28,94.08,,34.06,50.69,30.89,,34.06,68.42,47.74,3.87,21.26,7.16,849.0,Severe
Ahmedabad,2018-10-29,82.88,,18.59,73.74,27.9,,18.59,56.89,47.67,7.12,27.68,33.44,574.0,Severe
Ahmedabad,2018-10-30,88.69,,26.91,70.9,31.3,,26.91,68.94,53.16,38.06,34.91,109.23,509.0,Severe
Ahmedabad,2018-10-31,82.52,,24.13,69.94,30.08,,24.13,44.95,64.07,10.47,23.09,3.27,556.0,Severe
Ahmedabad,2018-11-01,72.11,,48.7,85.77,47.36,,48.7,42.51,54.52,8.43,46.89,7.26,669.0,Severe
Ahmedabad,2018-11-02,78.48,,49.94,110.63,54.14,,49.94,67.06,46.93,16.41,36.27,6.95,1217.0,Severe
Ahmedabad,2018-11-03,103.22,,68.97,102.84,62.88,,68.97,57.8,52.79,32.77,39.01,15.09,1033.0,Severe
Ahmedabad,2018-11-04,70.39,,44.04,55.52,37.71,,44.04,69.83,59.5,77.43,72.18,53.35,625.0,Severe
Ahmedabad,2018-11-05,107.9,,43.47,109.59,50.08,,43.47,49.76,55.01,34.93,68.8,26.9,803.0,Severe
Ahmedabad,2018-11-06,117.08,,37.42,106.21,46.11,,37.42,77.6,55.05,16.14,53.75,11.36,741.0,Severe
Ahmedabad,2018-11-07,162.18,,59.53,94.35,59.82,,59.53,42.01,67.0,16.62,52.51,11.42,776.0,Severe
Ahmedabad,2018-11-08,205.21,,93.31,100.87,77.22,,93.31,75.95,61.17,20.41,55.29,13.92,1630.0,Severe
Ahmedabad,2018-11-09,165.37,,70.6,95.3,61.99,,70.6,52.45,39.6,17.88,48.01,11.32,1160.0,Severe
Ahmedabad,2018-11-10,110.7,,38.01,107.13,76.89,,38.01,57.58,,19.05,52.97,12.11,1056.0,Severe
Ahmedabad,2018-11-11,143.72,,65.62,102.87,75.79,,65.62,51.92,,18.27,54.64,15.01,1256.0,Severe
Ahmedabad,2018-11-12,91.56,,79.42,118.89,73.26,,79.42,60.97,,21.11,56.47,13.11,1154.0,Severe
Ahmedabad,2018-11-13,133.13,,77.55,155.59,80.21,,77.55,101.13,,26.28,59.96,15.48,1548.0,Severe
Ahmedabad,2018-11-14,143.52,,41.62,138.89,56.23,,41.62,91.74,89.17,3.97,32.2,6.81,820.0,Severe
Ahmedabad,2018-11-15,83.28,,33.47,97.9,41.93,,33.47,48.93,36.84,3.97,32.2,6.81,688.0,Severe
Ahmedabad,2018-11-16,75.58,,44.07,68.01,40.73,,44.07,47.43,68.17,3.97,32.2,6.81,595.0,Severe
Ahmedabad,2018-11-17,93.73,,68.52,84.54,96.09,,68.52,62.65,50.29,3.97,32.2,6.81,1354.0,Severe
Ahmedabad,2018-11-18,127.46,,108.81,77.65,129.43,,108.81,63.63,48.32,3.97,32.2,6.81,1672.0,Severe
Ahmedabad,2018-11-19,98.6,,90.33,86.74,70.77,,90.33,85.76,52.53,3.97,32.2,6.81,1472.0,Severe
Ahmedabad,2018-11-20,84.71,,88.34,83.28,83.77,,88.34,70.31,40.06,3.97,32.2,6.81,1295.0,Severe
Ahmedabad,2018-11-21,86.52,,115.87,66.59,81.77,,115.87,44.24,36.0,3.97,32.2,6.81,1646.0,Severe
Ahmedabad,2018-11-22,90.1,,57.16,87.75,52.58,,57.16,60.45,41.82,3.97,32.2,6.81,1329.0,Severe
Ahmedabad,2018-11-23,68.52,,39.47,72.83,39.22,,39.47,60.58,50.1,3.97,32.2,6.81,530.0,Severe
Ahmedabad,2018-11-24,86.43,,34.52,82.76,38.92,,34.52,62.48,47.34,3.97,32.2,6.81,798.0,Severe
Ahmedabad,2018-11-25,70.51,,25.76,98.98,37.9,,25.76,67.36,47.72,3.97,32.2,6.81,689.0,Severe
Ahmedabad,2018-11-26,78.48,,16.91,84.74,29.58,,16.91,61.98,56.39,3.97,32.2,6.81,413.0,Severe
Ahmedabad,2018-11-27,63.75,,11.7,77.73,25.01,,11.7,64.78,59.28,3.97,32.2,6.81,415.0,Severe
Ahmedabad,2018-11-28,68.3,,8.69,73.99,22.45,,8.69,50.93,72.2,3.99,32.22,6.84,228.0,Poor
Ahmedabad,2018-11-29,91.23,,32.82,65.66,33.9,,32.82,34.58,56.17,4.0,32.25,6.89,392.0,Very Poor
Ahmedabad,2018-11-30,92.74,,28.91,80.7,35.3,,28.91,44.35,46.56,4.03,32.27,6.9,657.0,Severe
Ahmedabad,2018-12-01,96.58,,42.1,80.15,42.52,,42.1,52.73,42.37,4.04,32.3,6.9,657.0,Severe
Ahmedabad,2018-12-02,91.37,,28.26,91.43,37.49,,28.26,51.83,38.19,4.04,32.27,6.89,702.0,Severe
Ahmedabad,2018-12-03,88.02,,25.92,83.26,34.25,,25.92,37.48,42.7,4.07,32.29,6.88,488.0,Severe
Ahmedabad,2018-12-04,96.82,,31.36,78.81,36.22,,31.36,31.51,42.71,4.06,32.31,6.93,605.0,Severe
Ahmedabad,2018-12-05,96.89,,28.4,92.83,37.91,,28.4,33.05,41.44,4.09,32.31,6.94,687.0,Severe
Ahmedabad,2018-12-06,109.2,,37.47,104.9,45.83,,37.47,76.7,43.34,4.08,32.3,6.93,714.0,Severe
Ahmedabad,2018-12-07,94.95,,30.29,96.97,39.95,,30.29,65.02,43.5,4.05,32.34,6.95,667.0,Severe
Ahmedabad,2018-12-08,75.42,,11.02,75.02,23.99,,11.02,49.3,54.91,4.07,32.31,6.93,423.0,Severe
Ahmedabad,2018-12-09,73.07,,32.21,86.61,38.54,,32.21,45.82,51.18,4.08,32.35,6.96,417.0,Severe
Ahmedabad,2018-12-10,98.25,,57.51,110.07,58.22,,57.51,59.11,39.64,4.07,32.35,6.94,1158.0,Severe
Ahmedabad,2018-12-11,118.16,,60.28,102.68,58.0,,60.28,104.49,32.76,4.11,32.32,6.95,938.0,Severe
Ahmedabad,2018-12-12,95.4,,41.8,78.91,42.06,,41.8,51.61,39.05,4.09,32.36,6.95,920.0,Severe
Ahmedabad,2018-12-13,70.04,,14.87,78.1,26.87,,14.87,69.86,55.89,4.05,32.32,6.94,336.0,Very Poor
Ahmedabad,2018-12-14,56.71,,7.45,60.4,18.52,,7.45,42.48,61.74,4.07,32.3,6.9,275.0,Poor
Ahmedabad,2018-12-15,59.4,,7.23,47.87,15.42,,7.23,21.53,71.46,4.07,32.33,6.97,191.0,Moderate
Ahmedabad,2018-12-16,54.75,,6.99,43.7,14.29,,6.99,19.99,76.37,4.06,32.31,6.94,172.0,Moderate
Ahmedabad,2018-12-17,62.18,,7.67,55.29,17.43,,7.67,29.22,73.67,4.06,32.31,6.93,198.0,Moderate
Ahmedabad,2018-12-18,238.42,,26.3,73.22,32.07,,26.3,34.63,63.89,4.08,32.34,6.94,381.0,Very Poor
Ahmedabad,2018-12-19,125.16,,46.84,96.16,48.74,,46.84,63.66,55.2,4.11,32.33,6.96,800.0,Severe
Ahmedabad,2018-12-20,106.45,,56.46,78.1,50.03,,56.46,83.62,55.5,4.08,32.39,7.0,967.0,Severe
Ahmedabad,2018-12-21,92.45,,46.89,85.56,46.28,,46.89,60.42,,4.1,32.39,7.0,978.0,Severe
Ahmedabad,2018-12-22,111.75,,89.19,90.59,88.27,,89.19,80.9,62.55,4.09,32.36,6.99,1558.0,Severe
Ahmedabad,2018-12-23,106.19,,45.76,89.03,47.49,,45.76,55.16,53.79,4.1,32.37,6.96,1300.0,Severe
Ahmedabad,2018-12-24,72.1,,11.61,94.32,28.91,,11.61,54.74,63.46,4.08,32.37,6.95,355.0,Very Poor
Ahmedabad,2018-12-25,79.15,,12.74,92.85,29.19,,12.74,64.9,70.54,4.08,32.34,6.94,370.0,Very Poor
Ahmedabad,2018-12-26,94.8,,23.18,79.56,31.84,,23.18,56.2,63.95,4.08,32.3,6.94,448.0,Severe
Ahmedabad,2018-12-27,80.14,,86.91,71.98,65.41,,86.91,64.7,47.86,4.09,32.31,6.99,1084.0,Severe
Ahmedabad,2018-12-28,89.14,,63.43,81.71,55.88,,63.43,70.0,44.86,4.07,32.37,6.93,1319.0,Severe
Ahmedabad,2018-12-29,68.29,,16.94,82.74,29.12,,16.94,61.27,51.76,4.05,32.32,6.94,379.0,Very Poor
Ahmedabad,2018-12-30,67.75,,17.63,81.78,29.28,,17.63,57.37,63.34,4.07,32.3,6.98,396.0,Very Poor
Ahmedabad,2018-12-31,80.54,,71.11,77.0,61.31,,71.11,64.49,60.07,4.05,32.33,6.93,744.0,Severe
