Amritsar,2018-01-01,161.69,291.36,7.82,30.43,38.24,3.71,1.7,2.9,18.68,5.76,11.41,10.61,331.0,Very Poor
Amritsar,2018-01-02,149.97,260.76,9.53,31.25,40.78,3.93,1.74,3.12,18.93,5.17,11.12,9.71,331.0,Very Poor
Amritsar,2018-01-03,87.04,179.58,7.47,29.9,37.38,3.65,1.42,3.54,18.71,4.76,8.49,5.67,232.0,Poor
Amritsar,2018-01-04,,,,,,,,,,,,,212.0,Poor
Amritsar,2018-01-05,,,,,,,,,,,,,,
Amritsar,2018-01-06,,,,,,,,,,,,,,
Amritsar,2018-01-07,,,,,,,,,,,,,,
Amritsar,2018-01-08,,,,,,,,,,,,,,
Amritsar,2018-01-09,,,,,,,,,,,,,,
Amritsar,2018-01-10,,,,,,,,,,,,,,
Amritsar,2018-01-11,,,,,,,,,,,,0.0,,
Amritsar,2018-01-12,98.85,198.54,4.95,75.7,89.91,13.86,1.47,5.39,26.64,11.47,9.86,5.61,,
Amritsar,2018-01-13,103.52,189.41,7.5,78.17,86.29,14.23,1.66,3.32,19.76,6.81,10.37,9.68,237.0,Poor
Amritsar,2018-01-14,124.02,195.9,23.65,94.18,134.6,16.76,1.92,5.71,20.39,9.63,10.4,8.75,310.0,Very Poor
Amritsar,2018-01-15,66.92,138.18,17.36,86.72,105.11,15.85,1.36,3.24,23.5,8.01,8.29,7.29,170.0,Moderate
Amritsar,2018-01-16,77.72,158.17,7.18,79.22,86.56,14.3,1.44,10.0,23.22,13.14,10.33,10.69,152.0,Moderate
Amritsar,2018-01-17,77.71,151.64,5.23,77.4,96.5,14.02,1.25,3.27,19.23,6.07,8.03,7.3,144.0,Moderate
Amritsar,2018-01-18,73.58,146.1,5.84,78.11,84.39,14.16,1.2,5.07,19.1,4.96,8.02,6.48,165.0,Moderate
Amritsar,2018-01-19,61.57,131.82,5.4,77.61,96.68,14.11,1.23,3.64,20.29,4.7,7.62,5.88,126.0,Moderate
Amritsar,2018-01-20,70.31,154.81,5.62,76.93,82.55,13.97,1.24,3.89,21.19,7.51,8.02,6.38,129.0,Moderate
Amritsar,2018-01-21,74.04,163.69,6.29,76.91,83.2,13.92,1.2,3.09,22.55,7.6,8.52,7.13,149.0,Moderate
Amritsar,2018-01-22,58.91,131.93,5.36,77.1,82.45,13.85,1.1,2.76,19.82,5.69,7.65,6.37,125.0,Moderate
Amritsar,2018-01-23,58.9,110.95,6.49,78.77,88.61,14.05,0.82,3.24,17.78,4.59,7.61,5.88,123.0,Moderate
Amritsar,2018-01-24,26.86,59.87,6.99,78.52,99.51,14.0,0.68,3.05,18.36,4.96,6.69,5.28,115.0,Moderate
Amritsar,2018-01-25,62.55,122.25,7.44,79.24,87.27,14.09,1.98,3.1,17.4,4.21,7.93,6.53,127.0,Moderate
Amritsar,2018-01-26,57.51,120.69,7.2,79.01,99.72,14.09,1.26,2.5,17.71,4.53,7.76,5.08,118.0,Moderate
Amritsar,2018-01-27,70.09,160.56,15.42,60.24,81.09,12.37,1.04,5.11,17.25,5.34,7.16,5.29,132.0,Moderate
Amritsar,2018-01-28,53.67,114.13,79.13,34.3,103.35,13.71,0.92,4.04,13.69,10.26,8.26,5.82,124.0,Moderate
Amritsar,2018-01-29,45.61,101.86,56.09,45.86,115.47,14.12,0.94,3.4,15.74,10.4,8.29,6.12,127.0,Moderate
Amritsar,2018-01-30,61.12,131.87,72.13,47.57,120.39,17.18,0.92,3.52,13.38,12.7,8.52,7.04,142.0,Moderate
Amritsar,2018-01-31,56.96,135.69,71.85,53.42,140.88,16.33,0.92,2.97,13.15,12.27,8.08,6.53,150.0,Moderate
Amritsar,2018-02-01,44.39,114.54,72.97,54.79,127.95,16.33,0.94,3.48,13.89,12.84,8.01,7.08,159.0,Moderate
Amritsar,2018-02-02,31.79,96.3,66.62,59.83,141.5,15.06,0.82,2.56,13.11,11.53,7.19,6.0,149.0,Moderate
Amritsar,2018-02-03,55.78,138.44,70.91,65.5,150.96,15.15,0.77,2.79,14.2,13.55,8.71,7.37,168.0,Moderate
Amritsar,2018-02-04,50.4,131.72,57.49,70.81,141.86,14.1,0.66,2.66,14.0,11.04,7.43,5.76,165.0,Moderate
Amritsar,2018-02-05,58.71,147.2,43.49,57.73,100.19,9.31,0.64,3.22,17.08,10.47,7.9,6.23,152.0,Moderate
Amritsar,2018-02-06,48.6,136.91,28.66,49.52,82.69,4.74,0.63,2.82,13.82,11.9,7.85,6.61,130.0,Moderate
Amritsar,2018-02-07,59.76,157.27,22.63,42.42,68.61,3.53,0.64,4.03,16.12,10.06,7.75,6.05,130.0,Moderate
Amritsar,2018-02-08,67.11,160.02,18.92,49.05,71.77,4.75,0.61,3.38,14.43,11.24,8.26,6.4,141.0,Moderate
Amritsar,2018-02-09,69.65,162.02,16.51,49.28,65.6,4.9,0.64,7.24,18.68,10.41,8.28,6.94,138.0,Moderate
Amritsar,2018-02-10,67.14,166.85,30.58,61.48,102.14,12.93,0.63,4.55,19.32,11.45,8.25,7.0,145.0,Moderate
Amritsar,2018-02-11,58.38,177.22,17.58,48.94,66.03,16.18,0.59,5.85,12.41,10.52,7.74,6.14,147.0,Moderate
Amritsar,2018-02-12,48.16,87.04,12.79,35.24,60.95,14.94,0.52,2.83,12.54,8.39,6.72,5.0,123.0,Moderate
Amritsar,2018-02-13,16.26,52.61,12.77,28.35,40.12,12.94,0.44,2.75,12.28,8.89,6.54,4.98,66.0,Satisfactory
Amritsar,2018-02-14,15.91,50.34,16.37,33.5,48.87,13.41,0.53,2.63,11.79,9.27,6.58,5.08,58.0,Satisfactory
Amritsar,2018-02-15,31.96,94.51,14.59,33.41,47.0,13.14,0.59,2.68,12.86,9.79,7.03,5.37,77.0,Satisfactory
Amritsar,2018-02-16,68.32,181.17,18.6,30.42,53.75,13.4,1.53,5.1,12.65,9.66,7.47,5.87,129.0,Moderate
Amritsar,2018-02-17,41.54,135.18,15.39,9.04,34.52,10.71,0.76,2.93,16.54,9.73,7.6,6.21,137.0,Moderate
Amritsar,2018-02-18,53.44,159.72,15.28,11.58,37.88,11.03,0.72,3.1,15.95,9.86,7.97,6.1,133.0,Moderate
Amritsar,2018-02-19,52.41,166.21,15.9,13.27,39.88,11.08,0.71,3.54,16.97,10.46,7.72,6.35,139.0,Moderate
Amritsar,2018-02-20,69.46,205.16,16.51,13.13,40.59,10.95,0.66,3.72,12.89,11.28,8.05,6.1,162.0,Moderate
Amritsar,2018-02-21,54.32,166.52,14.04,9.71,34.15,10.82,0.67,4.71,17.76,9.99,7.7,6.06,154.0,Moderate
Amritsar,2018-02-22,43.14,122.51,14.65,10.2,36.43,11.57,0.61,4.93,16.89,9.66,7.48,5.83,124.0,Moderate
Amritsar,2018-02-23,52.39,143.82,18.45,13.52,43.62,11.79,0.61,4.66,17.32,11.44,7.71,5.94,123.0,Moderate
Amritsar,2018-02-24,29.75,89.22,16.36,10.8,38.61,11.45,0.54,4.14,17.81,10.52,7.12,5.48,114.0,Moderate
Amritsar,2018-02-25,,,,,,,,,,,,,85.0,Satisfactory
Amritsar,2018-02-26,27.2,81.05,12.31,5.87,18.4,10.24,0.52,3.65,23.29,8.43,6.8,5.19,,
Amritsar,2018-02-27,58.6,153.78,15.83,9.93,35.86,10.57,0.55,4.14,18.36,11.46,7.7,5.83,119.0,Moderate
Amritsar,2018-02-28,57.97,149.22,15.54,9.32,34.92,10.55,0.47,3.58,17.94,11.71,7.72,5.89,133.0,Moderate
Amritsar,2018-03-01,46.84,128.01,16.33,9.46,36.16,10.5,0.56,3.83,16.46,12.02,7.85,6.22,132.0,Moderate
Amritsar,2018-03-02,16.77,58.27,14.4,7.56,21.96,10.14,0.62,3.5,17.53,9.62,6.53,4.94,79.0,Satisfactory
Amritsar,2018-03-03,25.72,77.3,16.06,8.99,35.26,10.21,0.65,3.55,17.96,11.16,7.2,5.72,73.0,Satisfactory
Amritsar,2018-03-04,19.79,57.47,16.75,9.64,36.17,9.78,0.74,4.36,18.93,10.36,6.66,5.17,64.0,Satisfactory
Amritsar,2018-03-05,31.52,77.37,12.38,6.09,26.79,8.68,0.71,3.46,23.99,9.89,6.87,5.16,69.0,Satisfactory
Amritsar,2018-03-06,47.8,85.78,10.74,4.86,22.62,7.06,0.63,2.86,25.36,8.82,5.26,3.68,73.0,Satisfactory
Amritsar,2018-03-07,58.97,153.53,10.96,9.45,20.72,7.05,0.69,3.85,18.99,7.39,3.25,1.86,133.0,Moderate
Amritsar,2018-03-08,51.79,140.04,11.78,10.5,22.28,7.13,0.75,3.92,17.81,6.29,2.0,1.25,132.0,Moderate
Amritsar,2018-03-09,29.06,104.61,11.67,9.14,27.71,7.18,0.69,3.55,18.23,5.16,1.42,0.85,112.0,Moderate
Amritsar,2018-03-10,28.63,90.7,12.54,9.03,21.57,7.76,0.69,3.71,26.84,4.03,1.32,0.72,91.0,Satisfactory
Amritsar,2018-03-11,42.29,129.74,12.7,9.54,29.85,7.97,0.64,3.72,30.89,4.91,1.44,0.85,110.0,Moderate
Amritsar,2018-03-12,48.66,155.13,12.38,8.7,28.47,7.78,0.57,8.52,31.15,4.89,1.59,1.25,128.0,Moderate
Amritsar,2018-03-13,54.53,157.09,11.78,8.0,20.1,8.69,0.88,3.55,29.18,5.07,1.73,1.38,140.0,Moderate
Amritsar,2018-03-14,40.21,138.73,11.93,8.52,20.46,9.31,0.92,3.09,31.63,4.12,1.3,0.95,125.0,Moderate
Amritsar,2018-03-15,27.42,104.51,14.66,6.89,27.71,8.26,1.31,3.42,34.72,3.47,0.98,0.65,119.0,Moderate
Amritsar,2018-03-16,20.92,81.28,15.02,13.74,38.41,9.66,0.78,6.25,40.85,3.52,0.97,0.76,88.0,Satisfactory
Amritsar,2018-03-17,30.1,96.19,13.61,14.15,27.87,9.95,0.76,1.95,37.46,3.8,1.05,0.72,93.0,Satisfactory
Amritsar,2018-03-18,43.88,137.19,13.38,15.46,28.84,9.99,0.89,2.35,34.26,4.61,1.34,0.9,112.0,Moderate
Amritsar,2018-03-19,44.86,144.69,11.95,14.56,26.51,9.1,0.84,2.63,36.17,3.65,1.29,0.79,138.0,Moderate
Amritsar,2018-03-20,56.47,158.03,13.78,12.76,35.48,8.69,0.75,2.59,23.55,4.01,1.48,0.96,124.0,Moderate
Amritsar,2018-03-21,20.96,75.37,13.85,4.88,22.74,5.64,0.84,2.72,29.63,4.18,2.82,1.35,106.0,Moderate
Amritsar,2018-03-22,15.44,57.58,13.73,4.94,28.91,5.64,0.86,2.45,29.02,4.28,2.68,1.55,72.0,Satisfactory
Amritsar,2018-03-23,37.84,115.7,13.8,4.88,24.49,5.65,0.9,2.4,30.86,4.18,3.0,1.63,,
Amritsar,2018-03-24,53.87,150.64,17.23,11.11,28.34,10.48,0.74,7.43,34.24,5.65,3.53,3.23,,
Amritsar,2018-03-25,52.32,136.13,18.62,13.02,31.63,12.83,0.93,1.91,38.35,3.57,2.68,2.21,,
Amritsar,2018-03-26,85.49,196.39,17.51,14.09,31.6,13.86,0.9,2.92,36.59,4.81,6.07,4.11,,
Amritsar,2018-03-27,79.32,200.53,17.48,12.94,13.12,14.62,0.37,6.19,21.93,2.21,3.29,1.88,,
Amritsar,2018-03-28,58.0,153.79,,11.72,,,1.04,5.09,,,,,,
Amritsar,2018-03-29,43.46,137.94,,13.6,,11.58,1.03,1.52,,,,,,
Amritsar,2018-03-30,,,,,,11.95,0.94,5.94,,,,,,
Amritsar,2018-03-31,60.49,175.86,,6.46,,10.05,0.78,4.04,,,,,,
Amritsar,2018-04-01,42.65,127.85,,8.85,,,0.77,4.97,,,,,,
Amritsar,2018-04-02,34.55,140.89,,6.95,,10.58,0.78,4.64,,,,,,
Amritsar,2018-04-03,65.85,164.22,,6.36,,7.88,0.85,4.41,,,,,,
Amritsar,2018-04-04,60.17,196.48,,2.24,,,0.96,5.48,,,,,,
Amritsar,2018-04-05,52.95,159.99,,16.91,,9.21,0.29,6.02,,,,,,
Amritsar,2018-04-06,46.28,131.27,,17.53,,9.33,0.24,5.68,,,,,126.0,Moderate
Amritsar,2018-04-07,34.09,105.54,,17.85,,9.03,0.26,4.15,,,,,110.0,Moderate
Amritsar,2018-04-08,42.13,124.71,,17.43,,9.05,0.24,5.38,,,,,112.0,Moderate
Amritsar,2018-04-09,28.51,138.44,,11.57,,7.14,0.62,4.41,,,,,138.0,Moderate
Amritsar,2018-04-10,34.87,97.24,,2.45,,6.23,0.99,5.9,,,,,96.0,Satisfactory
Amritsar,2018-04-11,18.64,55.1,,4.58,,8.43,0.94,4.71,,,,,77.0,Satisfactory
Amritsar,2018-04-12,28.11,65.25,,237.27,,25.24,0.82,4.64,,,,,72.0,Satisfactory
Amritsar,2018-04-13,42.29,99.54,,25.06,,4.8,0.81,5.11,,,,,83.0,Satisfactory
Amritsar,2018-04-14,52.59,129.54,,22.42,,4.94,0.78,4.63,,,,,107.0,Moderate
Amritsar,2018-04-15,55.56,140.47,,21.13,,6.1,0.96,4.5,,,,,128.0,Moderate
Amritsar,2018-04-16,33.87,119.64,,16.37,,6.35,0.94,4.32,,,,,122.0,Moderate
Amritsar,2018-04-17,22.94,70.01,,16.99,,9.61,0.92,6.11,,,,,99.0,Satisfactory
Amritsar,2018-04-18,35.71,100.19,,4.89,,4.14,0.81,5.0,,,,,85.0,Satisfactory
Amritsar,2018-04-19,43.0,134.69,,9.02,,6.96,1.16,4.1,,,,,117.0,Moderate
Amritsar,2018-04-20,17.8,63.32,,9.46,,8.2,0.92,4.99,,,,,94.0,Satisfactory
Amritsar,2018-04-21,21.1,77.96,,8.67,,8.02,0.62,4.65,,,,,66.0,Satisfactory
Amritsar,2018-04-22,23.62,80.1,,8.81,,8.01,0.6,4.83,,,,,78.0,Satisfactory
Amritsar,2018-04-23,29.8,98.84,,8.82,,7.88,0.75,4.28,,,,,94.0,Satisfactory
Amritsar,2018-04-24,60.36,161.24,,8.64,,7.81,0.64,4.88,,,,,119.0,Moderate
Amritsar,2018-04-25,69.33,167.05,,9.24,,7.89,0.55,4.85,,,,,148.0,Moderate
Amritsar,2018-04-26,43.85,109.9,,8.67,,6.99,0.75,4.74,,,,,119.0,Moderate
Amritsar,2018-04-27,81.81,203.55,,9.99,,8.01,0.72,5.37,,,,,138.0,Moderate
Amritsar,2018-04-28,71.4,148.06,,10.58,,8.19,0.51,4.23,,,,,156.0,Moderate
Amritsar,2018-04-29,61.67,148.89,,10.58,,8.22,0.64,5.94,,,,,136.0,Moderate
Amritsar,2018-04-30,64.92,178.5,,10.64,,8.19,0.74,8.03,,,,,149.0,Moderate
Amritsar,2018-05-01,77.06,201.95,,11.04,,7.87,0.87,8.84,,,,,157.0,Moderate
Amritsar,2018-05-02,60.54,188.97,,10.25,,6.78,2.31,12.24,,,,,161.0,Moderate
Amritsar,2018-05-03,37.37,83.42,,8.35,,5.24,0.89,6.86,,,,,120.0,Moderate
Amritsar,2018-05-04,46.96,117.05,,8.24,,5.14,0.8,4.5,,,,,104.0,Moderate
Amritsar,2018-05-05,60.38,157.78,,8.23,,5.14,0.95,5.8,,,,,123.0,Moderate
Amritsar,2018-05-06,43.89,121.76,,8.22,,5.13,0.79,5.07,,,,,131.0,Moderate
Amritsar,2018-05-07,26.75,83.47,,8.26,,5.13,0.62,6.45,,,,,95.0,Satisfactory
Amritsar,2018-05-08,31.61,81.6,,8.21,,5.13,0.53,5.14,,,,,82.0,Satisfactory
Amritsar,2018-05-09,58.47,118.73,,8.25,,5.13,0.57,4.77,,,,,100.0,Satisfactory
Amritsar,2018-05-10,99.65,169.11,,8.25,,5.14,0.7,4.96,,,,,178.0,Moderate
Amritsar,2018-05-11,108.04,198.34,,8.24,,5.13,0.7,5.85,,,,,252.0,Poor
Amritsar,2018-05-12,118.6,206.81,,8.26,,5.13,0.68,5.73,,,,,273.0,Poor
Amritsar,2018-05-13,41.29,89.89,,8.22,,5.13,0.54,6.12,,,,,153.0,Moderate
Amritsar,2018-05-14,51.48,113.43,,8.22,,5.13,0.61,5.39,,,,,102.0,Moderate
Amritsar,2018-05-15,75.55,148.68,,8.23,,5.13,0.64,5.43,,,,,128.0,Moderate
Amritsar,2018-05-16,56.32,136.55,,8.27,,5.11,0.66,6.05,,,,,127.0,Moderate
Amritsar,2018-05-17,92.14,196.87,12.58,8.35,21.02,5.07,0.63,5.91,41.86,0.99,3.05,6.26,167.0,Moderate
Amritsar,2018-05-18,84.74,196.78,12.55,8.41,20.97,5.04,0.66,5.46,38.02,1.0,3.05,6.23,206.0,Poor
Amritsar,2018-05-19,72.32,163.27,12.54,8.25,20.79,5.11,0.59,5.99,35.54,0.91,2.94,5.36,149.0,Moderate
Amritsar,2018-05-20,67.71,106.21,12.56,8.47,21.03,5.02,0.69,5.01,38.8,0.84,2.93,5.54,131.0,Moderate
Amritsar,2018-05-21,74.3,134.46,12.55,8.61,21.15,4.99,0.61,5.77,38.82,0.76,2.76,5.8,127.0,Moderate
Amritsar,2018-05-22,104.43,152.02,12.52,8.4,20.93,5.07,0.63,5.03,40.73,0.84,2.82,5.98,252.0,Poor
Amritsar,2018-05-23,52.81,112.14,12.51,8.31,20.82,5.11,0.58,5.9,42.01,0.77,2.8,5.85,134.0,Moderate
Amritsar,2018-05-24,51.88,100.81,12.53,8.33,20.86,5.1,0.63,5.56,41.07,0.79,2.79,5.78,102.0,Moderate
Amritsar,2018-05-25,62.72,124.43,12.59,8.56,21.15,5.01,0.58,6.65,41.84,0.94,2.84,5.88,114.0,Moderate
Amritsar,2018-05-26,74.08,126.26,12.63,8.34,20.97,5.08,0.53,5.85,42.98,0.97,2.83,5.77,132.0,Moderate
Amritsar,2018-05-27,72.53,138.75,12.63,8.3,20.93,5.09,0.48,5.72,42.48,0.74,2.64,5.5,134.0,Moderate
Amritsar,2018-05-28,108.07,76.5,12.63,8.24,20.87,5.11,0.97,7.2,40.83,0.86,2.76,5.75,225.0,Poor
Amritsar,2018-05-29,74.32,61.18,12.62,8.36,20.99,5.07,0.98,6.52,44.43,0.83,2.6,5.52,196.0,Moderate
Amritsar,2018-05-30,66.86,67.01,12.53,8.69,21.22,4.99,0.74,6.42,41.35,0.8,2.5,5.17,113.0,Moderate
Amritsar,2018-05-31,75.49,327.61,12.34,22.51,20.81,6.42,0.92,5.16,34.32,0.88,2.54,4.97,130.0,Moderate
Amritsar,2018-06-01,99.15,331.54,0.4,8.55,8.62,1.51,1.56,6.51,23.58,0.75,2.62,4.6,254.0,Poor
Amritsar,2018-06-02,48.66,179.33,1.42,8.57,9.19,1.6,1.26,6.14,20.8,0.6,2.43,4.78,200.0,Moderate
Amritsar,2018-06-03,67.25,199.98,0.76,8.4,8.35,1.58,1.24,6.23,23.36,0.58,2.46,5.24,164.0,Moderate
Amritsar,2018-06-04,61.84,194.06,5.32,9.97,12.51,3.7,1.8,6.29,33.48,0.52,2.21,4.03,174.0,Moderate
Amritsar,2018-06-05,59.22,208.58,12.27,9.6,21.53,4.87,1.23,3.13,38.93,0.6,2.46,4.18,164.0,Moderate
Amritsar,2018-06-06,,,,,,,,,,,,,170.0,Moderate
Amritsar,2018-06-07,53.32,146.53,13.48,17.23,27.03,3.12,2.81,4.73,46.78,0.64,2.46,4.37,,
Amritsar,2018-06-08,54.7,175.81,57.62,29.71,39.7,5.39,2.1,6.52,32.46,0.92,2.79,5.3,148.0,Moderate
Amritsar,2018-06-09,29.87,135.11,25.06,6.05,21.99,4.36,0.75,11.15,28.03,0.53,2.43,4.35,133.0,Moderate
Amritsar,2018-06-10,50.25,148.66,9.57,18.11,28.68,4.54,,10.2,33.35,0.7,2.57,5.12,128.0,Moderate
Amritsar,2018-06-11,51.72,175.01,12.28,48.32,61.6,4.67,,14.28,27.6,0.62,2.13,4.38,135.0,Moderate
Amritsar,2018-06-12,63.27,260.67,47.78,91.53,126.16,31.31,,7.91,38.92,0.9,3.04,8.83,,
Amritsar,2018-06-13,83.88,340.65,33.85,13.99,43.79,9.52,2.82,7.38,34.24,1.04,2.87,5.89,221.0,Poor
Amritsar,2018-06-14,194.84,917.08,22.27,17.41,39.68,6.45,,6.88,28.53,0.7,2.57,4.57,732.0,Severe
Amritsar,2018-06-15,262.84,802.87,18.83,14.54,33.37,6.7,,5.26,31.27,0.57,2.54,4.49,869.0,Severe
Amritsar,2018-06-16,145.95,401.62,17.86,13.25,31.1,7.53,,8.52,29.86,0.49,2.44,4.6,695.0,Severe
Amritsar,2018-06-17,49.36,215.18,17.91,13.17,31.08,7.53,,4.35,30.54,0.55,2.46,5.09,222.0,Poor
Amritsar,2018-06-18,41.53,183.02,20.97,14.08,35.05,6.59,,6.47,41.74,0.63,2.56,4.89,158.0,Moderate
Amritsar,2018-06-19,39.78,171.73,23.1,15.08,38.19,5.6,0.0,7.19,46.14,0.73,2.64,4.7,154.0,Moderate
Amritsar,2018-06-20,44.05,152.49,13.1,16.37,29.47,5.81,,6.46,34.83,0.88,2.8,4.89,143.0,Moderate
Amritsar,2018-06-21,33.94,120.27,12.02,17.25,29.27,5.93,,5.67,42.11,0.9,2.69,4.66,121.0,Moderate
Amritsar,2018-06-22,40.94,150.34,11.3,16.96,28.26,6.18,,7.43,49.88,1.26,2.92,5.41,126.0,Moderate
Amritsar,2018-06-23,32.02,154.91,11.04,16.48,27.52,6.32,,7.24,,0.99,2.68,4.98,145.0,Moderate
Amritsar,2018-06-24,41.94,120.52,10.89,16.47,27.36,6.23,,6.33,,1.13,2.67,5.07,113.0,Moderate
Amritsar,2018-06-25,45.02,174.24,10.83,16.07,26.9,6.24,,4.7,43.26,0.88,2.3,3.45,113.0,Moderate
Amritsar,2018-06-26,49.85,229.22,10.6,15.85,26.44,6.33,,6.46,28.48,0.83,2.21,4.72,189.0,Moderate
Amritsar,2018-06-27,30.38,85.39,10.56,16.22,26.78,6.23,,7.4,29.44,0.62,2.0,3.58,110.0,Moderate
Amritsar,2018-06-28,21.99,46.12,10.88,16.14,27.02,6.09,1.34,12.55,24.31,0.58,1.88,3.26,86.0,Satisfactory
Amritsar,2018-06-29,14.6,40.21,10.77,16.86,27.63,5.96,,8.09,17.42,0.71,2.2,3.84,47.0,Good
Amritsar,2018-06-30,26.32,72.24,11.82,17.53,29.34,6.64,,9.9,26.17,0.94,2.44,4.51,50.0,Good
Amritsar,2018-07-01,39.38,89.71,13.26,18.89,32.13,7.34,,3.78,39.68,1.23,2.73,5.27,94.0,Satisfactory
Amritsar,2018-07-02,42.91,96.36,13.17,18.79,31.94,7.41,,4.23,36.15,1.0,2.28,4.4,96.0,Satisfactory
Amritsar,2018-07-03,29.81,42.27,13.11,18.68,31.77,7.44,,9.09,21.49,0.6,2.04,3.6,59.0,Satisfactory
Amritsar,2018-07-04,57.48,49.28,19.18,18.73,34.32,7.33,,11.28,20.67,0.65,2.09,3.96,83.0,Satisfactory
Amritsar,2018-07-05,35.43,75.99,4.7,7.37,11.84,4.63,,5.02,31.48,0.73,2.21,4.11,71.0,Satisfactory
Amritsar,2018-07-06,57.96,119.11,8.37,9.12,17.48,5.47,0.16,10.6,37.0,1.08,2.37,4.54,101.0,Moderate
Amritsar,2018-07-07,51.58,109.11,11.37,9.3,20.67,6.76,0.18,7.1,40.35,1.05,2.42,5.01,107.0,Moderate
Amritsar,2018-07-08,41.99,92.76,11.28,9.2,20.48,6.75,0.46,6.03,38.63,0.82,2.2,4.42,95.0,Satisfactory
Amritsar,2018-07-09,43.36,87.53,11.31,9.17,20.48,6.88,0.15,9.03,38.7,0.65,1.98,3.31,93.0,Satisfactory
Amritsar,2018-07-10,52.64,68.71,8.86,10.8,19.66,7.33,0.23,7.33,25.46,0.71,2.1,3.85,88.0,Satisfactory
Amritsar,2018-07-11,28.48,46.52,9.4,10.06,19.46,7.42,0.47,7.25,30.39,0.63,2.06,3.95,81.0,Satisfactory
Amritsar,2018-07-12,36.03,55.76,10.43,8.76,19.19,7.64,,5.66,25.23,3.29,2.6,3.73,50.0,Good
Amritsar,2018-07-13,16.45,33.03,10.6,9.01,18.3,7.67,,11.91,17.04,5.57,2.75,2.14,60.0,Satisfactory
Amritsar,2018-07-14,21.83,45.5,9.99,9.18,19.16,7.68,,7.33,37.11,3.17,1.92,3.06,,
Amritsar,2018-07-15,21.47,41.26,9.76,9.43,19.19,7.59,,7.56,30.98,2.69,1.82,5.49,,
Amritsar,2018-07-16,28.43,47.3,9.81,9.41,18.61,7.55,0.0,3.1,29.37,2.58,1.77,5.09,49.0,Good
Amritsar,2018-07-17,22.09,41.49,10.07,9.35,16.76,7.6,0.0,2.67,34.97,1.92,1.31,4.28,49.0,Good
Amritsar,2018-07-18,24.9,53.83,10.48,8.82,14.49,7.69,0.0,3.84,40.09,1.33,0.84,3.01,55.0,Satisfactory
Amritsar,2018-07-19,18.52,53.06,10.44,8.73,15.41,7.65,0.25,3.39,41.53,1.69,1.05,4.41,,
Amritsar,2018-07-20,26.85,65.56,10.29,8.06,18.35,6.96,0.41,9.02,27.54,2.02,1.51,6.09,67.0,Satisfactory
Amritsar,2018-07-21,27.89,60.21,9.6,5.99,15.59,4.69,0.42,6.07,30.64,2.21,1.69,8.48,64.0,Satisfactory
Amritsar,2018-07-22,25.89,27.13,9.36,6.06,15.42,4.71,0.34,3.75,34.04,1.76,1.34,8.49,54.0,Satisfactory
Amritsar,2018-07-23,23.24,40.44,9.38,6.02,12.91,4.71,0.36,4.05,39.98,1.54,0.93,6.25,50.0,Good
Amritsar,2018-07-24,24.15,48.14,10.29,5.21,10.99,6.2,0.37,3.71,38.48,1.16,0.9,3.58,74.0,Satisfactory
Amritsar,2018-07-25,28.38,51.05,10.73,4.85,14.59,6.7,0.37,3.45,31.95,1.54,1.19,4.75,54.0,Satisfactory
Amritsar,2018-07-26,14.82,31.86,10.62,4.83,7.46,6.71,0.13,3.45,27.37,0.93,0.63,1.92,50.0,Good
Amritsar,2018-07-27,10.8,29.2,11.29,5.6,13.59,6.06,0.2,2.63,31.03,1.37,0.89,3.61,,
Amritsar,2018-07-28,,28.23,12.49,6.7,19.19,5.32,0.24,1.95,27.33,1.84,1.39,7.89,25.0,Good
Amritsar,2018-07-29,,38.77,12.69,6.65,19.32,5.31,0.37,1.92,26.45,1.99,1.55,10.86,46.0,Good
Amritsar,2018-07-30,,49.86,12.67,6.6,19.3,5.31,0.33,2.04,32.44,2.18,1.69,12.12,68.0,Satisfactory
Amritsar,2018-07-31,,59.9,12.42,6.63,19.05,5.34,0.3,2.12,36.58,2.19,1.6,7.91,59.0,Satisfactory
Amritsar,2018-08-01,,63.84,12.7,7.14,19.81,5.77,0.17,2.21,39.25,2.0,1.49,7.34,71.0,Satisfactory
Amritsar,2018-08-02,,61.34,14.06,8.58,22.66,7.14,0.5,3.89,42.72,1.87,1.36,7.84,62.0,Satisfactory
Amritsar,2018-08-03,,147.2,14.18,8.94,23.12,7.08,0.23,2.77,30.38,2.08,1.55,11.38,67.0,Satisfactory
Amritsar,2018-08-04,,127.95,12.49,8.67,21.08,5.64,0.14,4.57,38.44,1.84,1.22,5.86,126.0,Moderate
Amritsar,2018-08-05,,83.64,11.48,8.11,19.59,4.03,,5.08,33.16,1.85,1.28,8.64,100.0,Satisfactory
Amritsar,2018-08-06,,47.79,11.72,8.08,19.81,3.92,,6.87,34.94,1.76,1.19,7.62,66.0,Satisfactory
Amritsar,2018-08-07,,19.9,12.57,7.92,20.49,3.58,,8.37,34.38,1.72,1.27,7.2,39.0,Good
Amritsar,2018-08-08,,18.23,13.32,6.56,17.81,3.21,,6.67,33.25,1.94,1.4,6.75,37.0,Good
Amritsar,2018-08-09,,19.99,5.55,7.11,12.66,7.71,,7.22,35.4,1.99,1.39,5.88,40.0,Good
Amritsar,2018-08-10,,38.43,5.69,7.67,13.36,7.56,,8.7,34.38,2.02,1.63,9.18,42.0,Good
Amritsar,2018-08-11,,38.21,5.73,7.76,13.49,7.43,,8.69,29.83,2.32,2.04,11.65,42.0,Good
Amritsar,2018-08-12,,65.08,5.52,7.83,13.35,7.46,,8.41,28.86,2.07,1.73,11.65,43.0,Good
Amritsar,2018-08-13,,47.75,6.32,8.79,14.95,7.22,,6.75,29.1,1.88,1.45,8.93,64.0,Satisfactory
Amritsar,2018-08-14,,35.59,9.76,10.34,20.11,5.91,,7.25,38.17,1.8,1.36,10.34,44.0,Good
Amritsar,2018-08-15,,31.42,9.59,10.37,19.96,5.94,,9.04,33.88,2.0,1.67,11.11,,
Amritsar,2018-08-16,,61.22,7.73,10.24,18.08,6.2,,6.69,36.6,1.92,1.24,7.36,,
Amritsar,2018-08-17,,50.07,7.37,9.47,16.84,5.62,,3.14,33.74,1.97,1.35,10.23,,
Amritsar,2018-08-18,,28.55,7.22,9.46,16.69,5.66,,6.39,39.73,1.89,1.49,11.03,64.0,Satisfactory
Amritsar,2018-08-19,,24.03,7.16,9.47,16.62,5.68,,5.18,32.67,1.9,1.45,10.81,40.0,Good
Amritsar,2018-08-20,,39.04,9.14,10.14,19.27,6.17,0.32,5.76,34.69,1.97,1.34,8.03,61.0,Satisfactory
Amritsar,2018-08-21,19.92,37.9,13.48,12.06,25.24,6.42,1.01,8.09,32.38,2.35,1.35,4.98,42.0,Good
Amritsar,2018-08-22,,43.11,14.16,13.5,27.66,6.56,0.04,6.63,29.55,5.83,3.1,6.46,,
Amritsar,2018-08-23,,30.87,12.46,12.01,21.0,7.26,0.0,5.23,25.65,4.85,2.54,7.12,40.0,Good
Amritsar,2018-08-24,,47.04,14.88,13.39,25.88,6.29,0.0,6.56,31.61,4.72,2.57,9.67,39.0,Good
Amritsar,2018-08-25,,,,,,,,,,,,,,
Amritsar,2018-08-26,,,,,,,,,,,,,,
Amritsar,2018-08-27,,71.25,68.83,32.78,60.38,19.46,0.0,27.38,29.62,2.07,1.05,3.21,,
Amritsar,2018-08-28,,92.29,15.11,11.84,23.56,5.75,0.04,6.1,36.0,5.0,2.65,5.75,,
Amritsar,2018-08-29,,99.16,12.38,11.74,23.74,3.62,0.0,4.98,15.3,5.83,3.35,11.83,98.0,Satisfactory
Amritsar,2018-08-30,,73.84,11.03,10.68,20.6,4.86,0.0,5.32,20.33,5.38,2.93,7.52,86.0,Satisfactory
Amritsar,2018-08-31,,86.23,11.92,9.68,16.05,5.98,0.0,5.79,29.21,4.26,3.5,4.19,72.0,Satisfactory
Amritsar,2018-09-01,,74.16,15.86,18.0,23.87,11.87,0.0,5.43,33.67,4.68,4.88,7.26,78.0,Satisfactory
Amritsar,2018-09-02,,48.94,12.55,10.27,18.51,5.76,0.0,2.36,13.52,4.17,2.15,1.93,,
Amritsar,2018-09-03,,36.88,18.56,12.7,13.82,8.53,0.0,3.28,20.52,4.05,4.03,5.56,,
Amritsar,2018-09-04,,39.17,21.61,11.55,29.63,7.67,0.0,2.99,23.02,4.88,5.88,5.25,39.0,Good
Amritsar,2018-09-05,,64.29,12.35,10.75,19.65,5.99,0.0,2.33,32.89,4.92,4.77,4.11,53.0,Satisfactory
Amritsar,2018-09-06,,82.86,11.14,8.52,19.66,5.36,0.0,2.4,22.94,6.81,7.62,6.87,70.0,Satisfactory
Amritsar,2018-09-07,,56.13,9.57,7.29,16.86,4.69,0.0,2.74,19.52,6.66,8.47,7.52,72.0,Satisfactory
Amritsar,2018-09-08,,24.89,10.26,7.84,18.1,4.47,0.0,3.13,22.58,5.02,7.59,8.23,40.0,Good
Amritsar,2018-09-09,,34.62,10.88,10.65,21.4,4.37,0.0,2.87,17.87,5.23,7.87,11.46,33.0,Good
Amritsar,2018-09-10,,43.28,10.47,10.85,21.24,4.34,0.0,4.32,19.64,5.43,8.11,11.24,36.0,Good
Amritsar,2018-09-11,,42.87,15.68,15.46,31.14,10.81,0.0,2.74,21.88,5.44,8.16,11.58,45.0,Good
Amritsar,2018-09-12,,47.01,17.18,14.9,32.09,13.52,0.0,2.81,21.21,4.66,6.9,9.22,46.0,Good
Amritsar,2018-09-13,,84.37,14.76,10.91,25.66,9.91,0.0,3.09,19.33,4.03,5.85,8.54,56.0,Satisfactory
Amritsar,2018-09-14,,44.41,15.63,11.35,26.98,9.42,0.0,2.15,20.13,3.94,5.77,9.74,77.0,Satisfactory
Amritsar,2018-09-15,,36.96,15.74,11.61,27.34,9.31,0.0,3.01,19.82,4.08,5.91,10.03,38.0,Good
Amritsar,2018-09-16,,41.76,15.74,11.37,27.11,9.31,0.0,2.28,22.39,4.09,6.0,10.48,39.0,Good
Amritsar,2018-09-17,,56.83,15.24,11.48,26.72,9.5,0.0,3.49,25.12,4.27,6.1,10.36,48.0,Good
Amritsar,2018-09-18,,67.86,15.55,11.79,27.34,9.32,0.0,2.03,25.65,4.4,6.25,10.57,63.0,Satisfactory
Amritsar,2018-09-19,,81.95,15.34,11.69,27.03,9.42,0.0,3.25,25.84,4.58,6.39,10.75,76.0,Satisfactory
Amritsar,2018-09-20,,88.29,14.89,11.32,26.21,9.68,0.0,2.78,27.92,4.37,6.23,10.58,84.0,Satisfactory
Amritsar,2018-09-21,,73.77,14.78,11.04,25.82,9.81,0.0,2.57,24.4,4.24,5.97,10.26,86.0,Satisfactory
Amritsar,2018-09-22,,33.3,15.34,10.85,24.48,9.66,0.0,4.17,18.28,4.0,5.81,9.23,52.0,Satisfactory
Amritsar,2018-09-23,,10.81,18.2,3.94,22.06,7.38,0.02,5.15,10.8,3.87,5.72,7.31,32.0,Good
Amritsar,2018-09-24,,17.01,5.52,0.79,6.29,6.7,0.0,4.9,16.19,5.77,3.68,6.79,22.0,Good
Amritsar,2018-09-25,,27.65,6.39,1.41,7.8,4.63,0.0,3.16,12.47,12.5,0.73,12.25,20.0,Good
Amritsar,2018-09-26,,84.37,5.0,1.41,6.41,4.17,0.0,6.76,10.35,18.6,1.82,15.71,56.0,Satisfactory
Amritsar,2018-09-27,,93.59,5.79,4.82,10.6,6.58,0.06,4.37,16.55,17.04,1.13,13.8,91.0,Satisfactory
Amritsar,2018-09-28,,94.38,10.47,11.77,22.26,12.22,0.0,5.97,19.15,22.43,1.15,15.15,94.0,Satisfactory
Amritsar,2018-09-29,,43.79,13.44,14.45,27.88,11.18,0.0,6.46,18.06,15.48,0.91,14.48,67.0,Satisfactory
Amritsar,2018-09-30,,84.29,12.2,14.12,26.33,10.97,0.0,6.29,19.94,16.68,1.6,15.52,68.0,Satisfactory
Amritsar,2018-10-01,,119.97,10.65,14.79,25.44,11.08,0.0,6.5,20.78,18.14,1.67,15.25,100.0,Satisfactory
Amritsar,2018-10-02,,130.41,10.67,15.03,25.7,10.88,0.0,5.83,21.03,16.96,1.56,15.23,119.0,Moderate
Amritsar,2018-10-03,,134.54,10.62,14.44,25.04,10.64,0.0,6.65,17.06,16.32,1.48,14.76,122.0,Moderate
Amritsar,2018-10-04,,79.33,12.77,18.87,31.65,10.07,0.0,6.61,20.1,14.45,1.04,13.28,104.0,Moderate
Amritsar,2018-10-05,,65.32,11.02,17.17,28.2,9.51,0.0,6.18,21.78,9.74,0.85,8.32,78.0,Satisfactory
Amritsar,2018-10-06,,95.99,12.69,15.89,28.58,9.8,0.0,6.16,18.11,14.31,1.29,12.6,83.0,Satisfactory
Amritsar,2018-10-07,,194.56,11.01,15.38,26.39,9.96,0.0,6.75,23.54,17.31,1.64,14.68,133.0,Moderate
Amritsar,2018-10-08,,154.77,10.98,12.72,23.7,11.46,0.0,5.05,20.87,16.63,1.3,10.72,157.0,Moderate
Amritsar,2018-10-09,,87.81,12.7,10.99,23.68,13.5,0.0,3.72,9.48,21.28,0.68,8.76,106.0,Moderate
Amritsar,2018-10-10,,132.12,15.73,14.43,30.16,16.85,0.0,4.15,17.22,18.53,1.19,10.38,93.0,Satisfactory
Amritsar,2018-10-11,,152.34,22.22,21.74,43.96,24.05,0.0,6.05,21.4,20.64,1.1,7.66,146.0,Moderate
Amritsar,2018-10-12,,152.55,28.01,27.25,55.27,25.23,0.0,6.43,17.28,16.96,1.29,12.73,129.0,Moderate
Amritsar,2018-10-13,,211.81,27.51,26.32,53.83,24.88,0.0,5.77,18.01,20.31,1.76,14.86,150.0,Moderate
Amritsar,2018-10-14,,271.06,25.75,26.49,52.24,24.71,0.0,6.71,18.63,14.99,2.02,14.5,209.0,Poor
Amritsar,2018-10-15,,228.06,18.97,23.23,42.76,20.99,0.09,6.47,24.57,13.21,1.81,10.83,203.0,Poor
Amritsar,2018-10-16,,125.47,12.31,18.58,31.89,17.99,0.0,6.07,30.09,9.97,1.16,7.83,145.0,Moderate
Amritsar,2018-10-17,,121.94,14.24,19.97,35.21,18.55,0.0,6.19,24.0,11.77,1.35,9.42,106.0,Moderate
Amritsar,2018-10-18,,106.02,15.1,20.95,37.05,18.81,0.01,5.43,22.76,14.28,1.62,10.72,118.0,Moderate
Amritsar,2018-10-19,,112.9,16.77,22.89,40.66,18.72,0.0,6.5,21.61,11.69,1.58,10.52,106.0,Moderate
Amritsar,2018-10-20,,85.78,17.65,25.08,43.72,18.52,0.0,6.11,18.43,13.02,1.16,9.03,96.0,Satisfactory
Amritsar,2018-10-21,41.99,143.94,23.68,29.28,41.44,17.11,0.01,5.58,18.68,13.33,1.7,12.19,115.0,Moderate
Amritsar,2018-10-22,59.95,182.15,31.6,29.53,59.14,16.11,0.0,5.17,18.41,15.45,1.97,11.45,145.0,Moderate
Amritsar,2018-10-23,48.96,144.84,25.22,23.73,48.5,14.59,0.0,6.21,22.47,12.74,1.72,9.5,137.0,Moderate
Amritsar,2018-10-24,61.79,184.57,25.79,24.41,49.42,14.69,0.01,6.63,21.24,12.82,1.46,8.39,152.0,Moderate
Amritsar,2018-10-25,37.17,106.31,35.32,26.8,63.12,16.05,0.0,6.35,20.92,13.54,1.98,10.25,119.0,Moderate
Amritsar,2018-10-26,42.12,120.38,31.86,27.04,59.9,15.65,0.01,6.02,22.48,18.73,2.63,11.32,107.0,Moderate
Amritsar,2018-10-27,48.55,138.69,31.37,26.26,58.63,15.68,0.0,5.78,25.03,10.51,2.57,11.77,124.0,Moderate
Amritsar,2018-10-28,45.78,130.79,33.67,28.65,63.32,16.09,0.0,5.84,15.61,15.23,2.52,13.46,122.0,Moderate
Amritsar,2018-10-29,57.31,175.25,31.74,26.18,58.62,15.28,0.02,5.98,21.27,14.68,2.54,11.44,138.0,Moderate
Amritsar,2018-10-30,57.94,171.82,23.42,20.66,42.66,12.92,0.0,6.3,24.7,12.43,1.96,9.24,144.0,Moderate
Amritsar,2018-10-31,49.3,143.96,27.24,22.59,46.82,13.69,0.01,6.08,21.03,13.24,2.35,11.31,140.0,Moderate
Amritsar,2018-11-01,116.63,306.18,23.71,21.4,41.97,13.08,0.0,6.32,19.98,13.12,2.22,9.26,251.0,Poor
Amritsar,2018-11-02,33.74,87.84,20.17,21.19,41.35,12.48,0.01,6.0,15.41,8.35,1.12,6.98,137.0,Moderate
Amritsar,2018-11-03,48.76,139.29,22.89,27.79,50.66,13.46,0.0,6.47,14.1,7.09,0.91,8.81,112.0,Moderate
Amritsar,2018-11-04,27.22,102.81,29.63,32.62,20.68,15.0,0.0,5.88,11.15,2.19,0.28,2.86,124.0,Moderate
Amritsar,2018-11-05,27.75,106.09,20.97,27.03,34.54,13.25,0.0,6.01,25.27,7.04,1.01,5.01,,
Amritsar,2018-11-06,31.86,90.9,25.7,38.29,63.98,14.88,0.0,,13.28,11.08,1.32,11.73,74.0,Satisfactory
Amritsar,2018-11-07,73.92,213.3,34.67,43.28,75.25,16.74,0.32,19.13,11.34,11.65,2.66,14.0,146.0,Moderate
Amritsar,2018-11-08,96.85,215.67,29.06,32.62,54.79,14.69,1.13,9.91,30.02,4.68,1.57,6.07,237.0,Poor
Amritsar,2018-11-09,60.41,112.53,32.1,38.15,70.0,14.92,0.81,3.2,27.13,5.89,2.74,11.45,124.0,Moderate
Amritsar,2018-11-10,54.89,157.76,33.43,38.02,69.43,9.8,0.01,3.8,26.42,6.97,3.05,13.02,114.0,Moderate
Amritsar,2018-11-11,62.42,178.25,30.03,34.95,62.91,8.94,0.0,3.59,22.36,6.25,2.07,9.36,158.0,Moderate
Amritsar,2018-11-12,33.74,96.43,29.16,37.24,64.4,9.23,0.0,2.31,17.17,6.32,1.55,8.87,120.0,Moderate
Amritsar,2018-11-13,45.16,129.04,29.69,38.7,66.33,9.46,0.0,,15.79,6.13,1.34,9.11,101.0,Moderate
Amritsar,2018-11-14,42.61,121.76,28.13,36.97,31.55,9.12,0.0,,15.82,6.02,0.5,4.13,129.0,Moderate
Amritsar,2018-11-15,38.93,111.3,15.73,23.5,34.36,6.05,0.02,3.89,27.39,5.61,0.86,4.33,,
Amritsar,2018-11-16,49.87,142.45,24.72,35.8,58.53,8.49,0.0,,19.76,6.06,1.03,8.72,115.0,Moderate
Amritsar,2018-11-17,71.74,205.11,27.67,38.24,63.92,9.03,0.0,,18.19,6.27,1.61,10.12,156.0,Moderate
Amritsar,2018-11-18,54.93,152.6,27.31,38.26,63.69,9.08,0.0,,19.12,6.48,1.64,10.09,158.0,Moderate
Amritsar,2018-11-19,48.16,128.53,21.63,29.8,49.43,7.38,0.01,8.56,24.92,6.41,1.62,7.84,117.0,Moderate
Amritsar,2018-11-20,52.3,139.23,18.8,27.98,44.79,6.7,0.01,0.71,19.59,5.43,1.91,8.36,125.0,Moderate
Amritsar,2018-11-21,93.43,147.22,19.47,28.7,46.17,6.87,0.01,5.36,14.99,5.65,1.94,7.91,140.0,Moderate
Amritsar,2018-11-22,112.18,162.8,26.15,34.1,58.25,8.48,0.0,6.94,11.73,8.95,2.95,11.97,306.0,Very Poor
Amritsar,2018-11-23,46.38,102.86,18.97,31.23,48.19,7.14,0.0,,8.3,5.56,1.49,8.49,134.0,Moderate
Amritsar,2018-11-24,45.32,100.78,21.0,33.26,52.26,7.63,0.0,,8.07,6.6,1.61,9.28,91.0,Satisfactory
Amritsar,2018-11-25,68.66,152.57,25.88,36.7,60.58,8.69,0.0,,8.86,6.98,2.99,13.36,121.0,Moderate
Amritsar,2018-11-26,63.86,142.12,24.13,33.08,55.21,8.12,0.01,4.71,16.83,7.99,2.81,12.22,135.0,Moderate
Amritsar,2018-11-27,69.37,154.01,26.61,36.36,60.97,8.73,0.0,,20.57,6.95,2.81,13.63,132.0,Moderate
Amritsar,2018-11-28,63.2,140.32,23.81,33.88,55.69,8.06,0.0,,19.47,5.39,2.12,11.14,127.0,Moderate
Amritsar,2018-11-29,65.15,144.93,26.81,33.27,58.08,8.5,0.01,3.23,21.4,6.16,2.62,11.75,130.0,Moderate
Amritsar,2018-11-30,62.87,139.7,25.09,31.37,54.46,8.06,0.0,7.56,20.76,5.99,2.37,9.59,135.0,Moderate
Amritsar,2018-12-01,62.95,140.07,29.56,36.7,64.23,9.16,0.01,5.91,16.61,6.47,3.3,12.07,125.0,Moderate
Amritsar,2018-12-02,41.91,93.07,28.89,38.0,64.86,9.19,0.0,,17.04,6.18,2.65,12.0,109.0,Moderate
Amritsar,2018-12-03,53.8,123.95,28.33,33.28,47.57,8.6,0.01,9.49,23.99,6.18,1.8,8.0,101.0,Moderate
Amritsar,2018-12-04,76.21,168.2,21.75,26.18,39.31,7.04,0.02,7.11,23.88,4.83,2.22,7.97,115.0,Moderate
Amritsar,2018-12-05,61.69,137.47,27.29,33.08,55.41,8.51,0.01,4.06,19.18,5.55,2.84,10.88,127.0,Moderate
Amritsar,2018-12-06,70.49,156.56,40.56,43.85,82.42,11.49,0.0,,15.79,6.32,2.84,14.09,139.0,Moderate
Amritsar,2018-12-07,63.57,141.24,29.04,33.89,60.93,8.88,0.0,,20.74,6.36,1.94,9.04,130.0,Moderate
Amritsar,2018-12-08,69.19,153.63,34.65,37.59,70.23,9.95,0.01,6.2,16.57,6.52,2.25,9.91,131.0,Moderate
Amritsar,2018-12-09,73.15,162.47,35.13,41.33,74.45,10.41,0.0,,15.49,6.14,2.95,12.65,144.0,Moderate
Amritsar,2018-12-10,54.54,121.13,36.59,41.71,76.3,10.68,0.01,3.5,14.76,6.15,2.11,10.59,131.0,Moderate
Amritsar,2018-12-11,23.84,52.99,35.43,40.65,74.09,10.39,0.01,3.75,15.1,7.13,0.91,8.26,94.0,Satisfactory
Amritsar,2018-12-12,34.41,76.5,32.68,39.35,70.02,9.81,0.01,0.87,14.24,8.47,0.86,7.87,91.0,Satisfactory
Amritsar,2018-12-13,35.39,78.62,35.57,41.28,74.85,10.47,0.0,,13.71,8.66,0.83,7.89,90.0,Satisfactory
Amritsar,2018-12-14,43.93,100.62,25.34,30.82,44.51,7.94,0.02,6.34,16.43,6.22,0.97,5.19,99.0,Satisfactory
Amritsar,2018-12-15,37.55,84.08,23.99,30.34,47.92,7.68,0.0,,15.08,5.71,1.17,5.52,87.0,Satisfactory
Amritsar,2018-12-16,49.82,120.8,24.1,31.61,49.1,7.89,0.0,,15.12,6.21,1.29,5.91,102.0,Moderate
Amritsar,2018-12-17,61.91,138.56,24.94,31.59,53.92,7.86,0.02,4.16,15.63,6.76,2.0,7.42,118.0,Moderate
Amritsar,2018-12-18,72.97,163.05,30.79,35.39,64.18,9.06,0.01,4.08,13.45,6.28,2.81,9.47,138.0,Moderate
Amritsar,2018-12-19,81.51,181.02,35.66,37.44,71.01,10.04,0.01,2.73,15.76,6.88,3.4,11.26,160.0,Moderate
Amritsar,2018-12-20,56.93,126.56,33.91,35.26,67.16,9.44,0.02,4.48,15.72,12.51,2.61,9.35,143.0,Moderate
Amritsar,2018-12-21,56.6,125.74,32.79,37.83,68.56,9.47,0.0,,13.44,6.18,2.12,9.05,110.0,Moderate
Amritsar,2018-12-22,62.09,138.1,30.94,29.75,56.49,8.44,0.02,2.4,16.41,7.86,2.59,8.49,126.0,Moderate
Amritsar,2018-12-23,75.18,166.81,27.1,20.86,47.96,7.31,0.0,,7.26,6.22,2.12,7.06,127.0,Moderate
Amritsar,2018-12-24,64.23,141.23,24.99,22.13,47.12,7.2,0.01,2.07,9.64,7.54,2.0,6.72,149.0,Moderate
Amritsar,2018-12-25,68.66,152.5,22.67,22.59,45.26,6.71,0.0,,8.62,6.28,2.36,6.83,137.0,Moderate
Amritsar,2018-12-26,74.91,178.86,23.65,24.35,45.11,7.13,0.01,1.32,10.14,7.1,2.57,7.22,144.0,Moderate
Amritsar,2018-12-27,72.08,160.38,26.59,27.11,53.7,8.02,0.01,1.97,9.16,11.8,2.76,8.33,154.0,Moderate
Amritsar,2018-12-28,70.27,155.08,25.57,27.48,53.03,7.86,0.01,4.17,4.93,6.92,2.19,6.44,131.0,Moderate
Amritsar,2018-12-29,98.32,218.44,35.3,37.03,72.33,10.92,0.0,,4.3,26.09,3.82,11.8,200.0,Moderate
Amritsar,2018-12-30,78.83,175.0,30.13,32.62,62.66,9.42,0.0,,6.46,8.48,2.38,9.25,174.0,Moderate
Amritsar,2018-12-31,78.42,186.41,31.71,33.79,59.08,9.96,0.05,2.98,5.43,9.62,2.41,9.09,184.0,Moderate
