City,Date,PM2.5,PM10,NO,NO2,NOx,NH3,CO,SO2,O3,Benzene,Toluene,Xylene,AQI,AQI_Bucket
Ahmedabad,2020-01-01,79.57,131.62,3.78,12.64,8.99,,3.78,27.7,23.67,4.21,31.42,2.52,216.0,Poor
Ahmedabad,2020-01-02,72.59,128.86,3.63,14.38,9.73,,3.63,23.96,23.67,3.71,31.14,2.52,162.0,Moderate
Ahmedabad,2020-01-03,69.54,128.99,7.06,15.13,12.65,,7.06,35.78,23.66,4.78,31.14,2.52,220.0,Poor
Ahmedabad,2020-01-04,66.2,138.47,8.97,20.79,16.84,,8.97,38.98,23.65,4.12,31.14,2.52,254.0,Poor
Ahmedabad,2020-01-05,55.99,110.41,5.41,15.34,11.53,,5.41,45.83,23.61,3.3,31.14,2.52,255.0,Poor
Ahmedabad,2020-01-06,46.96,109.44,7.17,16.88,13.58,,7.17,38.11,23.64,2.75,31.14,2.52,175.0,Moderate
Ahmedabad,2020-01-07,70.06,161.09,7.37,22.67,16.56,,7.37,58.67,23.58,2.75,31.14,2.52,285.0,Poor
Ahmedabad,2020-01-08,61.4,118.44,2.38,16.33,9.74,,2.38,30.54,23.59,2.75,31.14,2.52,157.0,Moderate
Ahmedabad,2020-01-09,38.89,93.4,2.41,14.14,8.7,,2.41,46.78,23.64,2.75,31.14,2.52,129.0,Moderate
Ahmedabad,2020-01-10,56.14,108.83,2.5,11.65,7.55,,2.5,26.75,23.58,2.75,31.14,2.52,129.0,Moderate
Ahmedabad,2020-01-11,59.96,109.98,2.38,14.37,8.79,,2.38,45.44,23.58,2.75,31.14,2.52,114.0,Moderate
Ahmedabad,2020-01-12,83.9,152.94,8.81,20.66,16.65,,8.81,58.01,23.56,4.42,31.14,2.52,212.0,Poor
Ahmedabad,2020-01-13,89.34,143.84,8.08,19.05,15.32,,8.08,62.71,23.69,4.45,31.14,2.52,368.0,Very Poor
Ahmedabad,2020-01-14,39.83,44.53,3.26,16.42,10.29,,3.26,25.78,23.62,2.72,30.82,2.49,189.0,Moderate
Ahmedabad,2020-01-15,53.27,90.4,3.59,16.01,10.43,,3.59,19.5,23.66,2.72,30.82,2.49,142.0,Moderate
Ahmedabad,2020-01-16,40.07,79.32,3.75,13.41,9.34,,3.75,10.67,23.6,2.75,31.14,2.52,152.0,Moderate
Ahmedabad,2020-01-17,80.24,219.84,20.06,15.61,22.26,,20.06,36.88,23.62,2.36,34.32,2.3,334.0,Very Poor
Ahmedabad,2020-01-18,59.51,106.43,24.98,25.39,30.87,,24.98,71.69,23.57,1.82,38.68,2.0,547.0,Severe
Ahmedabad,2020-01-19,36.05,79.23,13.05,22.26,20.59,,13.05,46.67,23.6,1.82,38.68,2.0,375.0,Very Poor
Ahmedabad,2020-01-20,36.21,82.86,20.86,15.65,22.94,,20.86,44.86,23.6,1.47,34.83,1.49,384.0,Very Poor
Ahmedabad,2020-01-21,51.15,123.03,33.0,25.32,36.81,,33.0,84.52,23.61,1.15,31.37,1.04,529.0,Severe
Ahmedabad,2020-01-22,51.32,121.82,20.18,23.56,26.48,,20.18,50.3,23.6,1.15,31.37,1.04,449.0,Severe
Ahmedabad,2020-01-23,38.71,88.47,10.39,16.11,15.61,,10.39,34.63,23.56,1.15,31.37,1.04,483.0,Severe
Ahmedabad,2020-01-24,40.83,96.12,18.14,19.84,3.56,,18.14,54.28,23.58,0.18,4.83,0.16,,
Ahmedabad,2020-01-25,61.05,132.46,19.52,23.86,26.05,,19.52,144.29,47.16,1.15,31.37,1.04,,
Ahmedabad,2020-01-26,62.03,191.09,118.0,12.48,74.5,,118.0,112.57,36.76,1.15,31.37,1.04,,
Ahmedabad,2020-01-27,33.93,85.43,9.53,30.39,21.94,,9.53,51.25,41.25,1.15,31.37,1.04,,
Ahmedabad,2020-01-28,18.03,66.54,11.31,18.02,17.23,,11.31,35.39,30.29,1.15,31.37,1.04,289.0,Poor
Ahmedabad,2020-01-29,28.77,73.99,20.76,21.98,25.69,,20.76,40.13,32.37,1.05,30.73,1.07,204.0,Poor
Ahmedabad,2020-01-30,41.74,92.88,36.07,26.88,38.15,,36.07,100.04,30.37,1.02,30.57,1.08,528.0,Severe
Ahmedabad,2020-01-31,57.28,109.84,36.16,50.06,51.39,,36.16,83.08,34.61,1.39,30.64,1.05,660.0,Severe
Ahmedabad,2020-02-01,88.79,125.19,15.2,54.23,37.8,,15.2,56.67,45.39,1.82,31.52,1.04,483.0,Severe
Ahmedabad,2020-02-02,52.31,97.67,9.38,38.28,25.67,,9.38,36.8,26.07,1.82,31.52,1.04,336.0,Very Poor
Ahmedabad,2020-02-03,68.19,106.14,10.08,45.94,29.93,,10.08,31.18,43.72,1.53,34.6,0.81,272.0,Poor
Ahmedabad,2020-02-04,80.59,127.97,29.48,59.9,51.22,,29.48,48.18,41.9,1.15,38.57,0.52,571.0,Severe
Ahmedabad,2020-02-05,77.56,137.39,30.93,59.03,51.88,,30.93,59.11,36.15,1.15,38.57,0.52,568.0,Severe
Ahmedabad,2020-02-06,56.5,121.52,6.1,55.49,31.62,,6.1,51.41,41.16,1.15,38.57,0.52,387.0,Very Poor
Ahmedabad,2020-02-07,66.87,127.71,23.75,53.47,43.78,,23.75,47.32,53.97,1.15,38.57,0.52,322.0,Very Poor
Ahmedabad,2020-02-08,95.25,160.18,14.56,54.77,37.58,,14.56,55.99,68.81,1.15,38.57,0.52,652.0,Severe
Ahmedabad,2020-02-09,69.85,124.4,6.25,40.74,24.54,,6.25,27.16,,1.15,38.57,0.52,215.0,Poor
Ahmedabad,2020-02-10,64.94,116.45,8.62,47.28,29.5,,8.62,31.84,71.69,1.15,38.57,0.52,223.0,Poor
Ahmedabad,2020-02-11,79.58,145.12,12.48,55.78,36.51,,12.48,48.28,42.4,1.15,38.57,0.52,340.0,Very Poor
Ahmedabad,2020-02-12,83.67,164.2,27.61,56.27,48.05,,27.61,52.9,44.73,1.15,38.57,0.52,475.0,Severe
Ahmedabad,2020-02-13,88.83,182.12,57.7,45.43,63.19,,57.7,40.9,51.73,1.15,38.57,0.52,974.0,Severe
Ahmedabad,2020-02-14,50.55,116.51,18.72,57.55,42.05,,18.72,54.6,31.28,1.15,38.57,0.52,412.0,Severe
Ahmedabad,2020-02-15,73.04,136.02,24.78,67.15,51.25,,24.78,57.08,53.88,1.08,37.29,0.56,480.0,Severe
Ahmedabad,2020-02-16,59.47,124.36,14.28,63.11,41.44,,14.28,66.39,76.89,1.16,35.51,0.61,388.0,Very Poor
Ahmedabad,2020-02-17,62.48,147.78,43.22,50.12,52.43,,43.22,57.29,63.76,0.99,34.54,0.59,543.0,Severe
Ahmedabad,2020-02-18,85.33,163.52,59.34,54.08,67.01,,59.34,64.71,75.45,1.42,32.61,0.56,1226.0,Severe
Ahmedabad,2020-02-19,114.79,217.94,42.62,80.38,70.43,,42.62,118.91,43.63,1.76,32.61,0.56,1291.0,Severe
Ahmedabad,2020-02-20,65.74,164.24,22.33,70.75,51.18,,22.33,72.14,50.08,0.99,32.61,0.56,493.0,Severe
Ahmedabad,2020-02-21,60.61,133.31,10.49,52.78,33.57,,10.49,52.84,38.67,0.99,32.61,0.56,407.0,Severe
Ahmedabad,2020-02-22,36.35,97.03,4.78,52.87,29.36,,4.78,42.9,52.15,0.99,32.61,0.56,168.0,Moderate
Ahmedabad,2020-02-23,54.06,104.74,4.22,51.33,28.19,,4.22,48.07,39.74,0.99,32.61,0.56,219.0,Poor
Ahmedabad,2020-02-24,68.68,141.39,10.92,74.32,44.41,,10.92,42.37,44.44,0.99,32.61,0.56,282.0,Poor
Ahmedabad,2020-02-25,73.18,193.22,31.41,94.67,69.62,,31.41,62.73,46.23,1.79,32.61,0.56,528.0,Severe
Ahmedabad,2020-02-26,137.81,242.98,70.45,124.33,113.23,,70.45,103.5,37.79,0.99,32.61,0.56,983.0,Severe
Ahmedabad,2020-02-27,94.27,177.11,92.96,92.35,114.42,,92.96,68.76,52.7,2.63,39.93,0.86,1262.0,Severe
Ahmedabad,2020-02-28,79.68,169.52,57.77,91.2,87.59,,57.77,64.67,50.27,2.85,46.56,1.13,962.0,Severe
Ahmedabad,2020-02-29,53.86,136.6,17.8,75.13,49.93,,17.8,64.67,52.74,2.85,46.56,1.13,421.0,Severe
Ahmedabad,2020-03-01,53.06,123.32,22.34,59.64,45.76,,22.34,70.8,41.7,2.85,46.56,1.13,475.0,Severe
Ahmedabad,2020-03-02,56.2,149.92,23.13,62.85,47.92,,23.13,81.42,34.18,3.02,46.56,1.13,508.0,Severe
Ahmedabad,2020-03-03,77.58,155.65,21.26,60.32,45.29,,21.26,119.95,39.83,2.85,46.56,1.13,460.0,Severe
Ahmedabad,2020-03-04,49.16,125.88,7.4,31.08,20.69,,7.4,51.07,45.99,2.85,46.56,1.13,246.0,Poor
Ahmedabad,2020-03-05,43.75,115.5,8.43,24.16,18.08,,8.43,63.99,38.62,2.85,46.56,1.13,261.0,Poor
Ahmedabad,2020-03-06,54.05,128.08,10.7,28.74,22.0,,10.7,61.9,45.82,2.85,46.56,1.13,308.0,Very Poor
Ahmedabad,2020-03-07,51.32,140.9,12.19,41.31,29.25,,12.19,45.6,64.01,3.45,46.56,1.13,359.0,Very Poor
Ahmedabad,2020-03-08,35.04,85.35,7.87,45.21,27.93,,7.87,32.78,,2.85,46.56,1.13,325.0,Very Poor
Ahmedabad,2020-03-09,37.02,90.26,5.55,32.91,20.2,,5.55,42.98,67.75,2.85,46.56,1.13,170.0,Moderate
Ahmedabad,2020-03-10,37.67,94.36,2.28,17.52,10.25,,2.28,26.68,16.92,2.85,46.56,1.13,116.0,Moderate
Ahmedabad,2020-03-11,31.12,80.79,3.56,21.51,13.13,,3.56,19.43,16.68,2.85,46.56,1.13,152.0,Moderate
Ahmedabad,2020-03-12,41.19,114.05,6.04,31.18,19.72,,6.04,40.38,,2.85,46.56,1.13,218.0,Poor
Ahmedabad,2020-03-13,41.72,97.7,6.95,24.99,17.38,,6.95,27.3,72.25,2.85,46.56,1.13,302.0,Very Poor
Ahmedabad,2020-03-14,39.57,111.46,4.0,35.3,20.2,,4.0,49.34,39.51,2.85,46.56,1.13,170.0,Moderate
Ahmedabad,2020-03-15,39.42,115.8,5.11,31.33,19.1,,5.11,27.4,33.16,2.85,46.56,1.13,215.0,Poor
Ahmedabad,2020-03-16,36.03,90.32,3.89,34.32,19.65,,3.89,28.6,53.81,2.85,46.56,1.13,222.0,Poor
Ahmedabad,2020-03-17,53.07,112.92,16.02,37.65,30.33,,16.02,34.49,,2.85,46.56,1.13,310.0,Very Poor
Ahmedabad,2020-03-18,58.54,124.58,15.45,44.39,33.18,,15.45,42.86,81.35,2.85,46.56,1.13,487.0,Severe
Ahmedabad,2020-03-19,101.09,162.86,15.07,43.66,31.13,,15.07,42.07,44.44,2.85,46.56,1.13,988.0,Severe
Ahmedabad,2020-03-20,50.47,109.06,4.67,35.13,13.3,,4.67,44.08,45.98,0.0,0.0,0.0,,
Ahmedabad,2020-03-21,74.43,132.17,9.82,31.56,22.73,,9.82,67.89,36.14,,,,296.0,Poor
Ahmedabad,2020-03-22,48.16,122.17,5.47,18.27,12.99,,5.47,52.62,33.69,,,,180.0,Moderate
Ahmedabad,2020-03-23,44.61,112.32,4.98,31.4,17.08,,4.98,34.25,49.45,6.81,28.18,7.52,247.0,Poor
Ahmedabad,2020-03-24,31.89,98.52,2.96,25.2,14.5,,2.96,44.87,47.99,4.01,23.25,3.33,135.0,Moderate
Ahmedabad,2020-03-25,33.25,91.38,4.28,33.45,19.44,,4.28,61.4,38.86,4.9,18.98,2.85,195.0,Moderate
Ahmedabad,2020-03-26,43.67,91.12,7.11,26.61,17.61,,7.11,34.72,39.74,4.71,19.16,2.8,216.0,Poor
Ahmedabad,2020-03-27,22.93,37.12,5.23,18.52,12.87,,5.23,16.19,34.41,1.58,7.5,1.08,193.0,Moderate
Ahmedabad,2020-03-28,37.73,72.43,4.67,35.52,20.77,,4.67,16.06,34.72,6.37,26.05,3.56,160.0,Moderate
Ahmedabad,2020-03-29,20.67,75.48,3.08,26.98,15.46,,3.08,22.76,40.17,4.79,15.29,1.95,125.0,Moderate
Ahmedabad,2020-03-30,28.55,89.1,4.11,38.65,21.89,,4.11,19.14,31.5,8.51,37.5,4.88,140.0,Moderate
Ahmedabad,2020-03-31,29.97,98.96,3.85,22.08,13.64,,3.85,32.01,36.86,7.0,29.53,2.5,145.0,Moderate
Ahmedabad,2020-04-01,24.79,86.06,4.5,21.29,13.7,,4.5,22.16,36.76,3.58,15.89,1.88,153.0,Moderate
Ahmedabad,2020-04-02,25.52,88.12,4.46,24.24,15.15,,4.46,18.54,38.17,4.59,19.84,2.09,164.0,Moderate
Ahmedabad,2020-04-03,33.48,87.96,4.51,41.44,23.58,,4.51,23.84,46.53,9.31,40.13,5.44,173.0,Moderate
Ahmedabad,2020-04-04,39.44,84.83,3.82,39.88,22.28,,3.82,27.53,58.08,9.71,36.32,4.85,182.0,Moderate
Ahmedabad,2020-04-05,43.77,87.96,3.35,40.99,22.49,,3.35,31.4,53.61,10.92,46.65,5.63,152.0,Moderate
Ahmedabad,2020-04-06,46.64,95.3,3.75,29.6,17.24,,3.75,22.2,49.67,7.65,37.78,3.94,145.0,Moderate
Ahmedabad,2020-04-07,45.8,104.5,3.87,16.8,11.04,,3.87,31.04,48.2,5.44,20.89,1.47,159.0,Moderate
Ahmedabad,2020-04-08,36.3,90.07,5.19,15.65,11.51,,5.19,30.8,49.83,4.66,14.64,1.08,183.0,Moderate
Ahmedabad,2020-04-09,32.12,89.74,5.07,21.61,14.33,,5.07,20.75,62.53,5.64,18.82,2.04,168.0,Moderate
Ahmedabad,2020-04-10,30.73,78.56,4.36,28.65,17.23,,0.59,32.01,42.61,6.91,32.15,3.51,113.0,Moderate
Ahmedabad,2020-04-11,30.18,74.99,3.06,34.81,19.26,,0.45,25.09,39.0,8.52,51.18,6.71,89.0,Satisfactory
Ahmedabad,2020-04-12,26.7,72.83,2.72,27.0,15.18,,0.36,21.57,42.16,5.63,34.1,3.97,101.0,Moderate
Ahmedabad,2020-04-13,18.77,61.54,2.81,23.01,13.01,,0.39,26.86,47.88,3.41,25.88,2.56,95.0,Satisfactory
Ahmedabad,2020-04-14,31.16,72.09,3.22,25.9,14.73,,0.37,21.85,43.35,4.75,31.33,3.61,89.0,Satisfactory
Ahmedabad,2020-04-15,23.69,64.81,2.28,17.18,10.04,,0.43,23.5,44.04,2.14,29.17,1.67,88.0,Satisfactory
Ahmedabad,2020-04-16,38.65,81.47,3.7,26.76,14.75,,0.36,22.03,54.24,5.84,34.58,3.22,95.0,Satisfactory
Ahmedabad,2020-04-17,30.8,76.25,4.22,25.97,12.68,,0.36,18.03,37.28,3.22,22.59,1.83,92.0,Satisfactory
Ahmedabad,2020-04-18,30.69,107.31,3.43,22.57,11.7,,0.41,36.24,39.3,3.89,31.0,2.45,96.0,Satisfactory
Ahmedabad,2020-04-19,21.27,65.12,3.66,13.93,9.31,,0.36,21.0,40.56,1.67,14.29,0.95,99.0,Satisfactory
Ahmedabad,2020-04-20,29.84,77.98,3.91,15.77,10.58,,0.34,25.22,38.31,2.27,15.74,1.02,86.0,Satisfactory
Ahmedabad,2020-04-21,27.81,73.99,3.41,16.32,10.46,,0.39,19.16,38.23,2.33,17.57,1.5,87.0,Satisfactory
Ahmedabad,2020-04-22,32.11,94.34,3.68,17.95,11.49,,0.45,15.83,42.22,5.48,33.62,2.16,101.0,Moderate
Ahmedabad,2020-04-23,31.67,81.09,3.93,16.17,10.82,,0.35,32.39,43.6,3.97,20.74,1.23,106.0,Moderate
Ahmedabad,2020-04-24,27.19,82.36,3.52,16.13,9.85,,0.28,20.59,51.81,1.78,9.02,0.67,110.0,Moderate
Ahmedabad,2020-04-25,28.25,70.48,4.83,13.88,10.25,,0.38,16.51,41.74,1.17,9.32,0.56,98.0,Satisfactory
Ahmedabad,2020-04-26,25.91,73.35,4.78,13.82,10.29,,0.4,10.58,44.44,1.8,10.39,0.75,101.0,Moderate
Ahmedabad,2020-04-27,31.76,81.16,3.99,19.95,12.7,,0.46,29.73,52.46,3.52,20.49,1.34,117.0,Moderate
Ahmedabad,2020-04-28,32.55,87.41,3.53,23.58,14.12,,0.46,42.86,50.2,4.92,32.73,2.51,130.0,Moderate
Ahmedabad,2020-04-29,27.15,76.73,3.18,24.82,14.4,,0.67,32.97,54.81,3.39,32.14,2.46,122.0,Moderate
Ahmedabad,2020-04-30,26.93,74.38,2.76,17.05,10.37,,0.46,37.7,56.97,1.92,18.54,1.64,128.0,Moderate
Ahmedabad,2020-05-01,28.71,89.91,2.83,13.32,8.6,,0.54,26.36,49.97,1.59,15.82,0.92,128.0,Moderate
Ahmedabad,2020-05-02,22.56,63.23,3.68,15.16,10.09,,0.56,25.87,55.72,1.55,10.29,0.65,131.0,Moderate
Ahmedabad,2020-05-03,23.82,62.1,4.69,16.38,11.49,,0.64,22.71,54.35,2.83,16.27,0.89,121.0,Moderate
Ahmedabad,2020-05-04,23.73,69.88,4.85,15.87,11.36,,0.73,20.04,58.72,2.38,16.23,0.9,130.0,Moderate
Ahmedabad,2020-05-05,33.47,134.83,3.6,29.05,13.84,,0.54,2.42,54.8,3.57,26.59,1.91,143.0,Moderate
Ahmedabad,2020-05-06,26.52,79.38,4.06,18.06,11.7,,0.67,,59.96,3.7,19.68,1.57,146.0,Moderate
Ahmedabad,2020-05-07,30.45,75.08,3.74,21.48,13.23,,0.4,,58.31,7.47,34.84,1.72,135.0,Moderate
Ahmedabad,2020-05-08,26.79,66.34,3.71,14.99,10.06,,0.51,,57.81,3.26,20.64,0.86,127.0,Moderate
Ahmedabad,2020-05-09,23.79,74.56,5.61,16.64,11.91,,0.55,,52.49,4.37,20.72,1.14,122.0,Moderate
Ahmedabad,2020-05-10,26.17,62.14,1.93,14.73,8.61,,0.77,,56.28,2.65,16.72,0.84,125.0,Moderate
Ahmedabad,2020-05-11,21.31,66.1,1.85,15.01,8.68,,0.54,,57.55,1.9,13.92,0.76,125.0,Moderate
Ahmedabad,2020-05-12,21.94,69.06,2.95,16.95,10.47,,0.58,,57.89,3.3,16.19,0.97,135.0,Moderate
Ahmedabad,2020-05-13,23.19,67.28,4.12,17.46,11.59,,0.48,,52.31,2.85,18.48,0.88,117.0,Moderate
Ahmedabad,2020-05-14,21.9,64.39,2.98,18.73,11.33,,0.49,,51.86,2.28,16.67,0.81,127.0,Moderate
Ahmedabad,2020-05-15,19.15,78.8,3.93,19.59,12.47,,0.51,,61.79,4.14,25.58,1.62,125.0,Moderate
Ahmedabad,2020-05-16,35.75,107.68,2.54,18.72,11.0,,0.39,,54.31,3.02,18.12,1.25,136.0,Moderate
Ahmedabad,2020-05-17,27.28,63.5,2.5,18.56,10.84,,0.68,,55.52,2.91,17.83,1.29,137.0,Moderate
Ahmedabad,2020-05-18,20.85,61.13,2.6,21.35,12.35,,0.62,,54.41,2.95,20.62,3.15,133.0,Moderate
Ahmedabad,2020-05-19,23.98,56.9,4.15,26.56,16.04,,0.61,,59.05,4.36,22.17,2.43,133.0,Moderate
Ahmedabad,2020-05-20,25.6,82.26,2.86,22.47,13.05,,0.69,,60.12,5.5,25.02,1.96,132.0,Moderate
Ahmedabad,2020-05-21,33.35,84.99,2.64,25.02,14.15,,0.56,,62.4,6.41,21.6,1.86,130.0,Moderate
Ahmedabad,2020-05-22,31.38,90.28,4.54,35.67,20.77,,0.65,,62.39,7.75,32.76,2.64,142.0,Moderate
Ahmedabad,2020-05-23,29.26,82.26,2.58,22.23,12.73,,0.67,,55.64,5.36,25.91,1.69,135.0,Moderate
Ahmedabad,2020-05-24,25.47,67.79,2.73,17.85,10.7,,0.81,,57.16,2.62,11.5,1.34,140.0,Moderate
Ahmedabad,2020-05-25,24.84,70.95,3.98,16.03,10.65,,0.57,,57.53,2.24,12.49,0.98,126.0,Moderate
Ahmedabad,2020-05-26,29.78,99.14,2.88,19.35,11.55,,0.59,,50.52,1.68,10.42,0.99,126.0,Moderate
Ahmedabad,2020-05-27,31.25,89.65,3.65,21.42,13.17,,0.83,,54.58,4.01,15.74,1.08,123.0,Moderate
Ahmedabad,2020-05-28,30.7,86.02,3.56,18.84,11.85,,0.56,,55.49,8.88,17.32,1.41,117.0,Moderate
Ahmedabad,2020-05-29,23.91,81.0,3.29,18.6,11.52,,0.57,,44.9,5.47,15.33,1.37,126.0,Moderate
Ahmedabad,2020-05-30,25.71,66.36,3.4,16.46,10.53,,0.41,,47.74,4.67,15.53,1.27,112.0,Moderate
Ahmedabad,2020-05-31,22.83,67.92,3.82,15.35,10.31,,0.4,,53.06,3.03,15.14,1.13,104.0,Moderate
Ahmedabad,2020-06-01,31.02,312.28,2.74,22.62,13.07,,0.64,,66.9,6.78,23.27,3.08,126.0,Moderate
Ahmedabad,2020-06-02,131.88,173.4,2.71,41.56,22.26,,0.45,20.08,34.26,10.84,43.9,5.19,152.0,Moderate
Ahmedabad,2020-06-03,,586.27,2.23,43.36,21.25,,0.44,23.71,73.66,8.04,42.98,3.65,,
Ahmedabad,2020-06-04,26.08,84.25,4.99,37.3,21.51,,0.79,21.29,56.78,5.69,32.56,3.39,101.0,Moderate
Ahmedabad,2020-06-05,30.72,88.9,3.76,33.6,19.08,,0.63,14.73,4.08,7.45,43.04,2.98,92.0,Satisfactory
Ahmedabad,2020-06-06,33.19,65.77,3.91,39.76,22.28,,0.71,14.4,40.28,8.11,25.23,3.18,95.0,Satisfactory
Ahmedabad,2020-06-07,20.67,69.5,5.19,34.11,20.48,,0.82,13.05,36.32,6.71,20.69,3.63,93.0,Satisfactory
Ahmedabad,2020-06-08,22.92,70.97,4.88,28.47,17.52,,0.57,11.6,30.16,7.93,20.35,3.84,97.0,Satisfactory
Ahmedabad,2020-06-09,21.17,81.73,5.23,25.68,16.39,,0.86,12.69,39.69,4.48,18.91,3.27,84.0,Satisfactory
Ahmedabad,2020-06-10,23.62,94.06,5.9,20.92,14.59,,0.85,16.22,44.32,5.27,23.65,6.7,101.0,Moderate
Ahmedabad,2020-06-11,20.4,66.21,5.3,26.94,17.05,,0.68,18.41,37.38,8.21,38.36,7.98,92.0,Satisfactory
Ahmedabad,2020-06-12,21.4,93.89,5.28,22.4,14.85,,0.85,16.27,45.05,7.9,40.74,13.19,105.0,Moderate
Ahmedabad,2020-06-13,21.72,62.28,3.93,28.15,16.62,,1.18,17.51,30.53,7.01,30.2,8.68,98.0,Satisfactory
Ahmedabad,2020-06-14,24.1,87.14,3.16,27.53,15.77,,0.86,20.82,35.29,6.89,28.99,6.74,96.0,Satisfactory
Ahmedabad,2020-06-15,21.21,92.72,4.03,31.93,18.56,,0.85,19.3,33.59,21.69,44.29,6.77,96.0,Satisfactory
Ahmedabad,2020-06-16,31.49,94.09,6.95,24.73,17.23,,0.85,11.26,38.44,7.54,45.98,3.36,80.0,Satisfactory
Ahmedabad,2020-06-17,14.79,11.5,4.88,19.65,13.18,,0.81,9.4,18.2,4.6,49.52,3.04,95.0,Satisfactory
Ahmedabad,2020-06-18,12.1,89.23,6.87,36.24,20.97,,0.56,11.72,75.83,3.28,45.51,2.98,,
Ahmedabad,2020-06-19,17.65,135.16,19.86,33.84,22.86,,0.71,9.9,40.03,3.99,51.14,3.62,108.0,Moderate
Ahmedabad,2020-06-20,22.9,120.7,11.79,15.81,10.1,,0.5,10.1,46.04,3.37,42.06,3.59,124.0,Moderate
Ahmedabad,2020-06-21,24.28,138.12,3.45,12.44,8.23,,0.7,11.45,57.31,3.17,58.65,2.87,106.0,Moderate
Ahmedabad,2020-06-22,19.02,98.37,4.48,16.76,11.49,,0.52,13.32,45.85,3.33,53.61,2.67,75.0,Satisfactory
Ahmedabad,2020-06-23,22.2,88.99,7.13,15.67,12.2,,0.51,13.0,64.75,3.18,60.9,2.46,85.0,Satisfactory
Ahmedabad,2020-06-24,30.29,,13.07,25.92,21.72,,0.75,11.99,43.31,1.95,55.13,1.19,91.0,Satisfactory
Ahmedabad,2020-06-25,32.56,142.43,8.29,24.83,18.21,,0.65,11.73,40.54,0.98,51.94,1.22,95.0,Satisfactory
Ahmedabad,2020-06-26,36.48,150.65,8.96,30.78,20.8,,0.59,10.41,44.47,1.76,49.31,1.72,93.0,Satisfactory
Ahmedabad,2020-06-27,62.12,118.67,9.18,56.35,19.86,,0.49,12.44,68.05,1.32,37.76,1.62,92.0,Satisfactory
Ahmedabad,2020-06-28,31.57,,6.37,23.99,16.4,,0.52,11.01,26.34,1.37,49.58,1.34,82.0,Satisfactory
Ahmedabad,2020-06-29,29.75,127.98,9.06,25.15,18.92,,0.67,12.1,34.99,1.39,60.21,0.79,74.0,Satisfactory
Ahmedabad,2020-06-30,40.02,121.1,7.09,58.92,33.41,,0.73,16.39,41.64,1.21,44.1,1.35,98.0,Satisfactory
Ahmedabad,2020-07-01,37.63,,4.42,35.04,20.17,,0.28,14.4,9.69,1.73,47.05,1.87,119.0,Moderate
Amaravati,2020-01-01,59.64,88.85,1.67,12.12,7.81,14.99,0.77,17.53,57.26,0.89,3.38,0.12,96.0,Satisfactory
Amaravati,2020-01-02,42.46,65.39,1.72,12.17,7.87,14.75,0.73,17.09,55.17,0.79,2.12,0.11,82.0,Satisfactory
Amaravati,2020-01-03,39.07,62.93,1.81,13.53,8.67,14.43,0.69,22.14,43.7,0.77,3.4,0.17,76.0,Satisfactory
Amaravati,2020-01-04,22.79,38.35,2.27,18.79,11.83,14.34,0.64,19.87,23.59,0.6,5.88,0.24,47.0,Good
Amaravati,2020-01-05,37.81,56.66,1.73,12.98,8.31,20.69,0.63,14.68,36.53,0.6,1.94,0.14,55.0,Satisfactory
Amaravati,2020-01-06,38.82,61.4,1.9,11.64,7.75,21.22,0.65,18.74,48.53,0.58,1.28,0.11,66.0,Satisfactory
Amaravati,2020-01-07,69.49,97.7,1.95,12.04,8.0,20.46,0.68,17.89,59.37,0.71,1.24,0.1,109.0,Moderate
Amaravati,2020-01-08,53.32,75.4,1.81,11.47,7.58,16.98,0.64,15.37,53.9,0.55,1.0,0.1,103.0,Moderate
Amaravati,2020-01-09,37.23,62.09,1.83,13.23,8.52,15.63,0.53,13.54,46.31,0.5,0.92,0.11,78.0,Satisfactory
Amaravati,2020-01-10,51.22,84.62,3.18,21.49,14.02,17.07,0.67,20.19,36.26,0.85,4.41,0.21,70.0,Satisfactory
Amaravati,2020-01-11,66.57,100.98,1.91,16.47,10.31,18.55,0.76,18.45,37.24,0.65,2.92,0.19,110.0,Moderate
Amaravati,2020-01-12,78.28,109.42,2.34,16.82,10.84,18.62,0.8,24.75,47.01,0.74,3.26,0.12,147.0,Moderate
Amaravati,2020-01-13,85.67,121.55,2.61,20.64,13.1,20.95,0.95,32.97,47.84,1.08,5.83,0.22,177.0,Moderate
Amaravati,2020-01-14,82.66,111.92,1.62,14.0,8.76,19.57,0.85,17.11,56.49,0.91,1.78,0.13,168.0,Moderate
Amaravati,2020-01-15,68.4,90.93,1.72,11.06,7.27,19.03,0.76,18.33,48.09,0.79,1.9,0.13,163.0,Moderate
Amaravati,2020-01-16,56.44,75.95,1.57,10.33,6.65,21.41,0.64,9.86,47.51,0.52,2.58,0.1,108.0,Moderate
Amaravati,2020-01-17,45.81,66.69,2.1,11.52,7.83,15.1,0.66,15.86,44.3,0.52,1.06,0.1,82.0,Satisfactory
Amaravati,2020-01-18,31.59,51.42,2.23,8.68,6.43,12.88,0.6,12.33,35.43,0.23,0.95,0.1,60.0,Satisfactory
Amaravati,2020-01-19,36.62,58.14,2.01,10.43,7.18,13.99,0.69,16.57,35.86,0.26,0.79,0.1,58.0,Satisfactory
Amaravati,2020-01-20,31.22,57.33,3.69,16.9,11.99,14.42,0.63,14.64,33.25,0.38,1.44,0.14,62.0,Satisfactory
Amaravati,2020-01-21,29.88,55.3,4.31,15.62,11.81,16.82,0.63,14.09,35.92,0.41,1.34,0.14,63.0,Satisfactory
Amaravati,2020-01-22,37.56,65.26,2.86,14.76,10.17,17.54,0.65,14.71,41.22,0.37,1.33,0.11,63.0,Satisfactory
Amaravati,2020-01-23,59.33,93.3,3.08,17.94,12.04,18.24,0.75,18.29,40.9,0.43,1.41,0.15,87.0,Satisfactory
Amaravati,2020-01-24,61.4,96.6,2.53,15.34,10.21,18.05,0.73,23.54,43.29,0.69,2.14,0.14,101.0,Moderate
Amaravati,2020-01-25,51.18,76.33,1.67,11.66,7.55,18.53,0.64,18.69,46.21,0.49,0.9,0.1,98.0,Satisfactory
Amaravati,2020-01-26,38.39,63.99,2.48,15.39,10.2,16.55,0.61,20.0,36.83,0.46,1.14,0.15,77.0,Satisfactory
Amaravati,2020-01-27,34.56,62.65,2.89,16.51,11.14,17.89,0.57,19.73,44.57,0.42,0.92,0.13,74.0,Satisfactory
Amaravati,2020-01-28,33.62,60.66,2.5,14.78,9.89,16.7,0.52,20.29,36.88,0.32,0.61,0.12,65.0,Satisfactory
Amaravati,2020-01-29,29.98,51.68,2.24,9.21,6.72,17.48,0.52,12.76,32.35,0.23,0.36,0.11,59.0,Satisfactory
Amaravati,2020-01-30,32.18,60.01,2.65,13.11,9.13,15.9,0.55,15.43,36.9,0.31,0.65,0.1,59.0,Satisfactory
Amaravati,2020-01-31,26.72,53.9,3.71,15.53,11.29,15.51,0.49,19.06,32.28,0.34,0.8,0.12,66.0,Satisfactory
Amaravati,2020-02-01,21.22,43.36,2.75,12.12,8.68,13.05,0.45,18.25,31.33,0.24,0.49,0.12,52.0,Satisfactory
Amaravati,2020-02-02,19.94,42.27,2.1,10.35,7.22,13.25,0.47,13.38,31.97,0.26,0.91,0.13,47.0,Good
Amaravati,2020-02-03,24.44,47.41,3.38,12.27,9.27,14.49,0.54,15.16,30.12,0.36,0.95,0.17,48.0,Good
Amaravati,2020-02-04,27.24,49.64,3.19,14.18,10.14,14.24,0.52,16.38,32.33,0.36,0.82,0.17,54.0,Satisfactory
Amaravati,2020-02-05,25.74,46.38,2.92,11.44,8.46,15.08,0.52,19.32,36.58,0.33,0.67,0.13,54.0,Satisfactory
Amaravati,2020-02-06,20.12,42.08,4.32,14.78,11.37,14.0,0.52,15.01,27.59,0.38,1.08,0.17,47.0,Good
Amaravati,2020-02-07,16.85,37.38,2.13,9.88,6.98,14.69,0.44,18.3,36.72,0.18,0.33,0.13,44.0,Good
Amaravati,2020-02-08,22.46,41.78,1.94,10.81,7.33,15.98,0.38,20.25,35.46,0.23,0.33,0.1,45.0,Good
Amaravati,2020-02-09,38.73,63.42,2.15,16.17,10.34,15.89,0.62,17.41,35.62,0.69,2.28,0.17,51.0,Satisfactory
Amaravati,2020-02-10,36.26,56.64,2.36,14.25,9.51,18.78,0.53,17.68,46.43,0.58,1.45,0.12,65.0,Satisfactory
Amaravati,2020-02-11,45.14,73.27,2.37,13.84,9.3,18.61,0.6,18.99,53.62,0.64,1.74,0.14,70.0,Satisfactory
Amaravati,2020-02-12,59.61,94.82,2.4,17.03,11.02,19.76,0.67,21.32,55.77,0.74,3.79,0.13,86.0,Satisfactory
Amaravati,2020-02-13,61.24,99.2,3.15,25.9,16.33,20.39,0.64,34.59,46.13,0.73,2.66,0.21,110.0,Moderate
Amaravati,2020-02-14,43.11,76.55,2.24,16.21,10.44,18.22,0.52,23.05,46.64,0.45,1.41,0.13,87.0,Satisfactory
Amaravati,2020-02-15,64.53,110.64,2.58,23.25,14.46,21.25,0.78,27.95,53.69,1.01,5.19,0.37,103.0,Moderate
Amaravati,2020-02-16,37.53,64.2,1.97,14.1,9.09,21.98,0.44,15.75,40.59,0.41,1.1,0.14,88.0,Satisfactory
Amaravati,2020-02-17,29.12,54.82,3.8,14.06,10.57,18.64,0.44,19.12,41.62,0.39,1.15,0.14,66.0,Satisfactory
Amaravati,2020-02-18,31.68,62.23,2.77,14.53,9.98,18.14,0.48,20.98,37.94,0.46,1.51,0.18,66.0,Satisfactory
Amaravati,2020-02-19,40.98,69.15,2.22,14.6,9.58,19.11,0.46,18.62,39.9,0.33,0.97,0.14,65.0,Satisfactory
Amaravati,2020-02-20,49.1,74.88,2.17,12.98,8.68,17.4,0.44,17.74,49.28,0.31,0.67,0.14,77.0,Satisfactory
Amaravati,2020-02-21,35.92,61.83,1.79,11.83,7.74,13.53,0.47,16.2,42.11,0.38,1.02,0.16,74.0,Satisfactory
Amaravati,2020-02-22,27.13,54.16,1.78,12.98,8.34,10.6,0.48,20.2,39.74,0.49,6.94,0.13,60.0,Satisfactory
Amaravati,2020-02-23,34.81,62.43,1.99,14.44,9.3,12.6,0.77,13.0,44.47,0.44,2.7,0.15,82.0,Satisfactory
Amaravati,2020-02-24,31.66,53.22,1.94,9.29,6.53,14.42,0.62,15.94,46.68,0.18,1.19,0.12,68.0,Satisfactory
Amaravati,2020-02-25,24.86,47.43,2.38,10.73,7.64,12.94,0.61,16.73,39.9,0.22,0.5,0.12,53.0,Satisfactory
Amaravati,2020-02-26,31.28,59.42,2.46,13.15,8.99,15.78,0.81,19.56,40.48,0.43,1.57,0.18,78.0,Satisfactory
Amaravati,2020-02-27,38.85,67.95,2.65,13.49,9.33,14.82,0.86,22.27,43.97,0.28,1.8,0.16,73.0,Satisfactory
Amaravati,2020-02-28,31.99,57.18,2.22,10.99,7.67,14.0,0.66,23.6,51.47,0.43,1.47,0.11,68.0,Satisfactory
Amaravati,2020-02-29,35.99,59.72,1.87,10.24,6.96,13.49,0.52,18.21,51.81,0.32,0.83,0.12,65.0,Satisfactory
Amaravati,2020-03-01,32.99,56.46,1.68,8.29,5.77,12.67,0.48,19.32,52.32,0.26,0.5,0.13,67.0,Satisfactory
Amaravati,2020-03-02,39.84,62.14,2.35,11.69,8.11,12.86,0.56,24.7,49.09,0.25,0.63,0.17,67.0,Satisfactory
Amaravati,2020-03-03,40.19,64.95,2.55,10.71,7.77,12.84,0.58,22.82,45.68,0.27,0.64,0.14,70.0,Satisfactory
Amaravati,2020-03-04,35.95,59.47,2.76,12.61,8.95,12.21,0.55,17.88,38.71,0.28,0.69,0.12,66.0,Satisfactory
Amaravati,2020-03-05,20.14,31.66,2.18,7.85,5.94,10.82,0.49,18.35,26.21,0.13,0.32,0.1,47.0,Good
Amaravati,2020-03-06,19.0,31.65,1.94,5.45,4.48,10.31,0.48,17.86,29.66,0.14,0.18,,36.0,Good
Amaravati,2020-03-07,14.26,24.49,2.46,6.19,5.28,10.4,0.52,12.13,26.65,0.13,0.29,0.1,35.0,Good
Amaravati,2020-03-08,10.28,22.95,2.09,8.15,6.03,8.47,0.49,29.5,24.62,0.1,0.42,0.1,35.0,Good
Amaravati,2020-03-09,12.37,22.79,3.17,9.77,7.78,9.65,0.54,18.18,19.25,0.09,0.69,0.1,42.0,Good
Amaravati,2020-03-10,10.63,22.11,2.43,7.78,6.12,9.32,0.46,25.19,24.48,0.09,0.56,0.1,35.0,Good
Amaravati,2020-03-11,11.08,19.3,2.13,5.99,4.92,8.81,0.48,20.86,23.99,0.03,0.33,,35.0,Good
Amaravati,2020-03-12,12.73,24.73,2.25,5.62,4.83,10.53,0.49,17.37,25.1,0.01,0.26,,38.0,Good
Amaravati,2020-03-13,18.17,33.52,2.24,5.74,4.88,9.23,0.45,14.83,25.04,0.02,0.24,,35.0,Good
Amaravati,2020-03-14,23.78,44.16,1.98,8.07,5.91,9.98,0.49,21.65,27.22,0.11,0.65,0.18,48.0,Good
Amaravati,2020-03-15,25.83,45.42,2.21,7.94,6.02,9.82,0.47,22.1,28.67,0.18,0.78,0.19,48.0,Good
Amaravati,2020-03-16,27.28,47.52,2.65,9.42,7.16,10.82,0.57,19.49,28.25,0.19,0.88,0.13,48.0,Good
Amaravati,2020-03-17,31.49,49.92,1.93,8.93,6.32,10.09,0.64,19.67,34.5,0.18,0.6,0.1,54.0,Satisfactory
Amaravati,2020-03-18,19.45,36.11,2.41,9.54,7.05,9.35,0.58,16.2,31.44,0.11,0.56,0.1,48.0,Good
Amaravati,2020-03-19,18.86,35.92,2.32,8.13,6.23,9.31,0.55,19.8,32.35,0.1,0.56,0.1,51.0,Satisfactory
Amaravati,2020-03-20,15.23,28.92,2.14,7.4,5.67,10.07,0.49,25.54,28.78,0.08,0.51,0.1,43.0,Good
Amaravati,2020-03-21,13.9,26.07,1.78,5.15,4.18,8.51,0.49,23.29,25.43,0.04,0.29,0.15,37.0,Good
Amaravati,2020-03-22,25.49,42.7,1.46,4.19,3.42,10.08,0.48,23.0,27.87,0.05,0.24,,39.0,Good
Amaravati,2020-03-23,26.01,50.98,1.54,4.65,3.73,8.62,0.45,24.44,29.73,0.07,0.33,0.1,51.0,Satisfactory
Amaravati,2020-03-24,17.19,39.17,1.39,4.81,3.69,7.58,0.46,20.71,28.52,0.08,0.42,0.14,47.0,Good
Amaravati,2020-03-25,16.77,35.65,1.38,4.29,3.41,7.58,1.47,18.95,27.74,0.07,0.33,0.1,101.0,Moderate
Amaravati,2020-03-26,23.67,44.23,1.58,4.99,3.94,7.93,0.66,18.8,29.32,0.15,0.66,0.16,108.0,Moderate
Amaravati,2020-03-27,25.36,50.63,1.51,4.69,3.74,8.2,0.23,21.49,37.28,0.08,0.31,0.1,52.0,Satisfactory
Amaravati,2020-03-28,25.12,52.01,1.52,4.71,3.74,7.88,0.25,22.1,43.19,0.09,0.39,0.15,61.0,Satisfactory
Amaravati,2020-03-29,26.96,53.31,1.29,5.11,3.77,7.91,0.37,19.29,38.57,0.13,0.65,0.1,58.0,Satisfactory
Amaravati,2020-03-30,30.36,60.36,1.45,5.2,3.92,8.01,0.37,22.14,45.51,0.11,0.25,,58.0,Satisfactory
Amaravati,2020-03-31,29.86,55.8,1.39,4.52,3.54,8.81,0.28,23.12,44.17,0.08,0.33,0.1,69.0,Satisfactory
Amaravati,2020-04-01,34.77,63.95,1.4,5.03,3.81,9.07,0.25,25.11,40.76,0.11,0.47,0.1,69.0,Satisfactory
Amaravati,2020-04-02,29.77,59.98,1.38,4.32,3.42,8.71,,20.53,32.28,0.07,0.29,0.1,59.0,Satisfactory
Amaravati,2020-04-03,30.52,54.56,1.38,4.05,3.27,8.95,,29.01,19.3,0.04,0.33,,59.0,Satisfactory
Amaravati,2020-04-04,30.58,53.17,1.41,3.65,3.09,8.16,,21.14,30.65,0.05,0.2,0.1,55.0,Satisfactory
Amaravati,2020-04-05,23.9,46.95,1.34,3.93,3.18,7.68,,19.38,25.31,0.02,0.26,0.18,51.0,Satisfactory
Amaravati,2020-04-06,16.28,33.84,1.54,3.77,3.25,7.66,,20.08,17.23,0.02,0.18,,39.0,Good
Amaravati,2020-04-07,11.01,28.46,1.46,3.53,3.07,7.63,,17.69,16.26,0.04,0.19,,30.0,Good
Amaravati,2020-04-08,16.58,36.98,1.45,4.27,3.46,7.28,,19.86,25.67,0.01,0.22,0.1,38.0,Good
Amaravati,2020-04-09,18.11,38.01,1.51,5.44,4.12,7.74,,24.28,43.68,0.15,0.49,0.1,52.0,Satisfactory
Amaravati,2020-04-10,21.17,41.26,1.3,6.54,4.25,6.25,0.0,13.94,36.65,0.32,1.26,0.17,53.0,Satisfactory
Amaravati,2020-04-11,13.72,31.06,1.4,4.58,3.58,6.74,0.0,15.56,26.1,0.05,0.54,0.16,42.0,Good
Amaravati,2020-04-12,16.75,36.94,1.33,4.59,3.53,6.79,0.0,13.59,25.74,0.05,0.36,,44.0,Good
Amaravati,2020-04-13,18.38,40.46,1.31,4.91,3.66,7.17,0.0,14.3,27.51,0.05,0.38,0.1,47.0,Good
Amaravati,2020-04-14,19.77,45.79,1.4,4.99,3.77,7.23,0.0,14.56,26.57,0.06,0.36,,50.0,Good
Amaravati,2020-04-15,18.62,45.2,1.48,4.5,3.6,6.92,0.0,14.12,30.13,0.06,0.29,0.1,51.0,Satisfactory
Amaravati,2020-04-16,17.21,38.03,1.45,4.4,3.53,6.84,0.0,13.37,24.22,0.03,0.28,,43.0,Good
Amaravati,2020-04-17,13.28,40.72,1.37,4.83,3.68,7.29,0.0,12.24,25.98,0.06,0.31,0.1,40.0,Good
Amaravati,2020-04-18,7.38,26.67,1.37,3.7,3.09,6.49,,13.63,25.12,0.02,0.25,,41.0,Good
Amaravati,2020-04-19,7.59,24.92,1.44,3.52,3.04,6.17,,13.62,23.68,0.03,0.23,,35.0,Good
Amaravati,2020-04-20,7.81,23.53,1.5,4.13,3.42,6.17,,15.82,19.01,0.01,0.25,0.1,30.0,Good
Amaravati,2020-04-21,7.35,20.8,1.47,4.16,3.4,5.9,,13.92,18.71,0.02,0.25,,26.0,Good
Amaravati,2020-04-22,9.51,24.12,1.32,3.97,2.97,6.56,0.0,12.29,19.18,0.05,0.23,,26.0,Good
Amaravati,2020-04-23,11.34,26.66,1.39,3.97,3.24,6.59,0.0,,21.01,0.02,0.23,,30.0,Good
Amaravati,2020-04-24,9.36,26.24,1.39,3.87,3.19,6.41,0.0,,22.75,0.02,0.19,,31.0,Good
Amaravati,2020-04-25,14.44,38.88,1.36,4.26,3.38,6.81,0.0,,31.0,0.0,0.2,,43.0,Good
Amaravati,2020-04-26,11.9,29.15,1.33,6.18,4.37,5.43,0.0,,44.57,0.06,0.31,,56.0,Satisfactory
Amaravati,2020-04-27,16.45,32.26,1.41,5.66,4.17,7.0,0.0,,36.76,0.06,0.24,,52.0,Satisfactory
Amaravati,2020-04-28,10.61,33.88,1.46,5.21,3.95,5.9,0.0,,32.29,0.05,0.43,0.12,41.0,Good
Amaravati,2020-04-29,35.38,63.42,1.42,11.76,7.42,7.98,0.0,,34.99,0.36,0.81,0.1,43.0,Good
Amaravati,2020-04-30,26.8,50.65,1.35,6.22,4.41,7.86,0.0,19.3,39.46,0.08,0.47,,56.0,Satisfactory
Amaravati,2020-05-01,28.33,54.31,1.4,4.92,3.75,9.08,,14.34,37.13,0.03,0.3,,51.0,Satisfactory
Amaravati,2020-05-02,24.11,50.38,1.37,4.1,3.3,9.1,,8.61,36.34,0.01,0.22,,60.0,Satisfactory
Amaravati,2020-05-03,21.42,54.69,1.45,4.25,3.44,8.33,,7.58,31.83,0.01,0.25,,52.0,Satisfactory
Amaravati,2020-05-04,22.79,56.2,1.46,4.24,3.44,8.16,,7.55,30.11,0.03,0.25,,55.0,Satisfactory
Amaravati,2020-05-05,,11.0,1.12,10.39,4.17,5.07,,20.43,13.04,0.02,0.2,,58.0,Satisfactory
Amaravati,2020-05-06,14.28,35.43,1.65,5.46,4.24,8.57,,6.68,19.59,0.02,0.29,,44.0,Good
Amaravati,2020-05-07,18.76,41.98,1.52,5.55,3.77,8.35,,7.49,19.9,0.02,0.33,,45.0,Good
Amaravati,2020-05-08,18.81,47.91,1.44,5.84,4.27,8.22,,8.18,23.44,0.02,0.28,,43.0,Good
Amaravati,2020-05-09,18.48,43.55,1.28,4.73,3.54,7.79,,7.27,24.81,0.02,0.27,,54.0,Satisfactory
Amaravati,2020-05-10,14.26,34.12,1.36,4.75,3.64,7.39,,8.02,23.19,0.07,0.47,137.45,42.0,Good
Amaravati,2020-05-11,17.1,44.23,1.56,6.38,4.65,7.21,,5.75,20.46,0.05,0.51,,43.0,Good
Amaravati,2020-05-12,13.9,36.24,1.5,5.16,3.81,7.31,,13.56,19.85,0.05,0.36,,39.0,Good
Amaravati,2020-05-13,13.11,36.14,1.52,4.87,3.64,6.48,,9.04,19.71,0.04,0.32,,41.0,Good
Amaravati,2020-05-14,12.05,34.03,1.5,4.68,3.71,6.75,,7.64,17.21,0.03,0.3,,36.0,Good
Amaravati,2020-05-15,13.47,36.01,1.52,5.95,4.37,5.54,,8.83,21.83,0.06,0.54,,39.0,Good
Amaravati,2020-05-16,,35.01,1.47,5.28,4.02,6.14,,9.38,28.31,0.03,0.52,,41.0,Good
Amaravati,2020-05-17,,44.57,1.78,14.19,8.73,8.16,,11.96,29.87,0.05,0.94,,48.0,Good
Amaravati,2020-05-18,30.46,54.8,5.95,14.07,12.33,7.88,,10.08,33.55,0.13,1.07,0.1,55.0,Satisfactory
Amaravati,2020-05-19,34.15,71.94,1.64,15.46,9.56,8.67,,10.28,51.22,0.14,1.45,,77.0,Satisfactory
Amaravati,2020-05-20,41.46,108.2,1.56,16.97,9.83,9.88,,13.83,49.1,0.31,2.08,0.22,93.0,Satisfactory
Amaravati,2020-05-21,27.66,102.68,1.43,11.41,6.96,8.65,,10.27,50.56,0.2,1.08,,105.0,Moderate
Amaravati,2020-05-22,29.9,103.68,1.47,10.11,6.4,11.55,0.38,12.04,52.47,0.16,0.82,0.1,103.0,Moderate
Amaravati,2020-05-23,21.15,72.04,1.51,4.87,3.81,12.22,0.52,9.79,50.76,0.02,0.24,,88.0,Satisfactory
Amaravati,2020-05-24,18.09,60.29,1.41,4.2,3.39,10.29,0.45,8.1,48.0,5.09,0.2,4.95,66.0,Satisfactory
Amaravati,2020-05-25,16.93,57.4,1.42,3.63,3.07,11.22,0.47,7.48,40.43,6.44,0.26,,57.0,Satisfactory
Amaravati,2020-05-26,22.01,72.96,1.57,3.89,3.35,11.74,0.49,7.24,48.22,0.42,0.31,,69.0,Satisfactory
Amaravati,2020-05-27,24.22,66.04,1.39,4.33,3.44,11.7,0.5,7.19,24.36,4.9,0.42,84.72,69.0,Satisfactory
Amaravati,2020-05-28,25.16,66.12,1.57,5.41,4.15,12.46,0.6,7.99,13.71,0.44,0.38,0.1,64.0,Satisfactory
Amaravati,2020-05-29,20.96,68.44,1.52,5.69,4.27,10.97,0.6,10.85,17.45,0.08,0.49,0.1,70.0,Satisfactory
Amaravati,2020-05-30,22.5,62.08,1.46,6.94,4.87,10.98,0.57,17.09,21.62,0.09,0.67,0.12,63.0,Satisfactory
Amaravati,2020-05-31,19.96,58.07,1.42,5.43,4.05,10.08,0.55,9.11,21.51,0.05,0.34,0.3,62.0,Satisfactory
Amaravati,2020-06-01,8.09,37.02,1.58,9.29,6.22,4.7,0.48,9.85,14.81,0.12,1.75,0.12,46.0,Good
Amaravati,2020-06-02,12.78,38.24,1.66,9.72,6.52,10.11,0.51,6.61,18.39,0.09,1.19,0.22,41.0,Good
Amaravati,2020-06-03,10.23,35.22,1.85,10.19,6.6,7.4,0.5,12.47,19.36,0.1,1.18,0.19,40.0,Good
Amaravati,2020-06-04,7.89,34.52,1.76,11.09,7.33,7.17,0.54,16.74,18.72,0.05,0.45,0.1,39.0,Good
Amaravati,2020-06-05,9.33,36.04,1.6,8.83,5.99,8.01,0.44,11.48,30.3,0.08,0.47,0.1,58.0,Satisfactory
Amaravati,2020-06-06,10.14,43.39,1.33,7.06,4.83,6.2,0.42,12.83,35.22,0.09,0.55,0.19,44.0,Good
Amaravati,2020-06-07,11.49,47.69,1.48,6.9,4.87,6.93,0.42,12.34,38.36,0.06,0.36,0.1,50.0,Good
Amaravati,2020-06-08,12.19,49.5,1.62,10.16,6.72,7.12,0.44,11.95,38.42,0.1,0.7,0.15,54.0,Satisfactory
Amaravati,2020-06-09,10.39,44.35,1.56,10.06,6.61,6.04,0.5,15.46,40.05,0.09,0.76,0.22,61.0,Satisfactory
Amaravati,2020-06-10,10.18,25.24,8.5,15.4,15.51,9.51,0.59,13.75,40.65,0.09,1.21,0.17,58.0,Satisfactory
Amaravati,2020-06-11,5.6,12.17,2.27,14.58,9.6,9.96,0.51,18.82,42.45,0.11,1.63,0.1,53.0,Satisfactory
Amaravati,2020-06-12,4.7,12.83,1.66,10.03,6.69,8.76,0.53,13.34,34.37,0.08,0.52,0.1,47.0,Good
Amaravati,2020-06-13,4.65,12.76,1.48,8.44,5.7,7.97,0.48,12.34,35.22,0.06,0.28,0.1,44.0,Good
Amaravati,2020-06-14,11.71,25.81,1.6,8.06,5.6,8.67,0.53,16.01,39.34,0.07,0.57,0.29,47.0,Good
Amaravati,2020-06-15,10.07,24.04,2.12,9.21,6.62,8.73,0.48,12.19,33.82,0.06,0.41,0.1,41.0,Good
Amaravati,2020-06-16,11.61,31.52,4.88,16.7,12.86,8.35,0.5,16.28,31.19,0.09,0.78,0.36,39.0,Good
Amaravati,2020-06-17,8.73,18.33,4.64,16.26,11.66,10.3,0.38,17.54,29.47,0.09,0.54,0.2,36.0,Good
Amaravati,2020-06-18,11.2,27.86,3.27,12.95,9.54,12.91,0.62,17.81,31.9,0.1,0.81,0.19,42.0,Good
Amaravati,2020-06-19,11.03,34.97,3.18,13.74,9.89,8.92,0.64,10.39,31.37,0.14,1.43,0.32,43.0,Good
Amaravati,2020-06-20,16.99,45.43,1.52,9.48,6.27,8.6,0.55,11.19,41.25,0.11,1.29,0.16,55.0,Satisfactory
Amaravati,2020-06-21,12.74,30.83,1.66,10.27,6.81,9.45,0.59,13.28,34.95,0.13,0.77,0.15,50.0,Good
Amaravati,2020-06-22,17.97,50.49,2.05,12.1,8.1,10.92,0.65,11.68,30.15,0.17,1.55,0.53,46.0,Good
Amaravati,2020-06-23,15.48,34.84,2.07,9.15,6.55,13.53,0.58,15.88,39.82,0.11,0.8,0.16,55.0,Satisfactory
Amaravati,2020-06-24,14.88,35.33,1.86,10.59,7.15,11.62,0.59,14.04,38.01,0.13,1.03,0.21,52.0,Satisfactory
Amaravati,2020-06-25,20.74,37.36,1.9,8.44,6.03,14.57,0.62,15.38,39.32,0.13,0.89,0.28,50.0,Good
Amaravati,2020-06-26,10.41,20.55,1.88,7.21,5.37,12.46,0.53,15.86,25.96,0.06,0.3,,37.0,Good
Amaravati,2020-06-27,14.5,24.43,1.53,6.53,4.72,8.97,0.55,13.75,33.76,0.06,0.27,0.15,42.0,Good
Amaravati,2020-06-28,16.65,28.51,1.43,8.32,5.59,9.77,0.66,10.86,37.34,0.1,0.43,0.12,49.0,Good
Amaravati,2020-06-29,20.96,32.56,1.65,9.55,6.43,14.3,0.66,14.79,43.29,0.12,0.69,0.1,56.0,Satisfactory
Amaravati,2020-06-30,21.34,35.16,1.74,10.69,7.1,13.38,0.66,14.58,45.32,0.14,1.42,0.2,61.0,Satisfactory
Amaravati,2020-07-01,22.0,34.0,1.5,9.68,6.4,8.45,0.59,10.88,29.15,0.1,0.5,,54.0,Satisfactory
Amritsar,2020-01-01,94.38,137.93,9.91,10.38,18.95,5.1,0.42,15.79,40.21,2.62,2.4,1.98,184.0,Moderate
Amritsar,2020-01-02,80.8,115.13,9.91,10.44,18.85,8.93,0.3,12.54,7.82,2.77,2.78,1.9,196.0,Moderate
Amritsar,2020-01-03,78.22,110.89,9.63,10.03,18.02,11.99,0.62,11.43,27.0,2.61,2.97,1.82,160.0,Moderate
Amritsar,2020-01-04,96.86,134.78,9.35,10.02,19.27,11.99,0.11,8.12,36.13,3.43,3.81,2.0,221.0,Poor
Amritsar,2020-01-05,65.12,95.22,9.51,9.67,17.61,12.16,0.28,11.92,32.48,2.25,2.44,1.85,156.0,Moderate
Amritsar,2020-01-06,33.39,47.36,10.21,10.43,20.35,11.87,0.6,6.75,38.56,1.74,1.8,2.0,88.0,Satisfactory
Amritsar,2020-01-07,36.74,46.3,9.75,9.77,19.28,11.99,0.57,7.53,8.63,1.76,1.7,2.0,58.0,Satisfactory
Amritsar,2020-01-08,24.14,31.7,9.89,10.12,18.84,12.01,0.62,6.32,22.11,1.51,1.52,1.9,46.0,Good
Amritsar,2020-01-09,56.17,80.34,9.68,10.05,19.07,11.94,0.68,20.5,23.77,2.11,1.84,1.92,66.0,Satisfactory
Amritsar,2020-01-10,55.79,76.73,9.78,9.74,19.48,12.02,0.47,6.87,39.56,2.14,2.09,2.0,103.0,Moderate
Amritsar,2020-01-11,55.64,80.28,9.37,10.19,19.5,11.99,0.73,10.87,36.72,2.02,2.14,2.0,87.0,Satisfactory
Amritsar,2020-01-12,44.56,73.05,9.55,9.99,18.76,12.1,0.8,17.99,17.71,2.29,2.78,1.94,87.0,Satisfactory
Amritsar,2020-01-13,47.0,61.51,9.67,10.01,19.68,12.06,0.4,6.24,25.62,1.83,2.09,2.0,74.0,Satisfactory
Amritsar,2020-01-14,31.25,83.72,9.17,9.89,17.82,11.99,0.66,6.54,20.19,1.45,1.55,1.86,64.0,Satisfactory
Amritsar,2020-01-15,54.01,187.66,9.84,9.78,19.38,12.02,0.72,7.23,,1.99,1.86,1.94,166.0,Moderate
Amritsar,2020-01-16,45.32,81.67,9.43,9.85,19.25,12.0,0.91,7.72,,2.27,2.14,2.0,85.0,Satisfactory
Amritsar,2020-01-17,77.37,110.41,9.63,10.03,19.65,12.06,0.89,7.44,,2.55,2.49,2.0,121.0,Moderate
Amritsar,2020-01-18,68.12,98.08,9.46,9.98,18.75,12.01,0.61,6.68,,2.13,2.24,1.93,153.0,Moderate
Amritsar,2020-01-19,57.46,82.99,9.3,10.02,19.25,11.94,0.63,6.57,,2.07,2.2,2.0,111.0,Moderate
Amritsar,2020-01-20,64.93,108.1,9.57,10.17,19.06,11.96,0.68,7.84,15.94,2.09,2.01,1.94,111.0,Moderate
Amritsar,2020-01-21,37.05,69.74,9.44,10.04,19.14,12.0,0.63,15.16,22.56,1.87,1.92,1.95,98.0,Satisfactory
Amritsar,2020-01-22,21.05,40.05,9.72,10.07,19.58,11.92,0.8,7.78,39.9,1.59,1.84,2.0,63.0,Satisfactory
Amritsar,2020-01-23,27.42,50.66,9.68,10.01,17.86,11.99,0.73,7.05,40.09,1.5,1.54,1.83,63.0,Satisfactory
Amritsar,2020-01-24,43.96,77.9,9.54,9.93,19.14,12.01,0.6,8.46,43.35,1.85,1.82,2.0,70.0,Satisfactory
Amritsar,2020-01-25,71.6,130.66,10.19,10.17,20.05,11.96,0.7,11.04,43.22,2.35,2.3,2.0,108.0,Moderate
Amritsar,2020-01-26,45.03,82.9,9.88,10.69,18.16,11.83,0.73,15.78,38.27,1.88,2.08,1.83,107.0,Moderate
Amritsar,2020-01-27,61.56,94.0,10.19,10.77,19.76,12.31,0.64,11.17,32.32,2.11,2.12,2.0,90.0,Satisfactory
Amritsar,2020-01-28,42.4,55.89,10.76,10.82,20.45,11.96,0.64,10.61,23.37,1.66,1.67,2.0,96.0,Satisfactory
Amritsar,2020-01-29,20.48,36.13,9.53,10.7,19.55,11.84,0.98,6.87,28.73,1.64,1.87,2.0,55.0,Satisfactory
Amritsar,2020-01-30,27.36,57.69,10.0,10.35,19.39,11.8,0.55,6.8,31.21,1.69,1.81,1.96,60.0,Satisfactory
Amritsar,2020-01-31,21.43,139.43,10.12,10.15,19.02,12.09,0.47,9.95,27.1,1.96,1.7,1.93,102.0,Moderate
Amritsar,2020-02-01,,,,,,,,,,,,,127.0,Moderate
Amritsar,2020-02-02,,,,,,,,,,,,,,
Amritsar,2020-02-03,13.46,29.6,59.14,92.98,67.48,21.41,1.44,13.67,16.71,2.97,3.4,1.71,,
Amritsar,2020-02-04,67.56,103.84,27.82,21.0,36.62,14.74,0.49,6.95,37.74,2.09,2.14,2.0,111.0,Moderate
Amritsar,2020-02-05,55.53,94.4,17.32,12.2,26.8,12.12,0.54,7.43,33.11,1.74,1.7,2.05,99.0,Satisfactory
Amritsar,2020-02-06,74.16,128.7,18.61,11.48,27.36,12.04,0.46,8.99,39.2,1.85,1.76,1.94,121.0,Moderate
Amritsar,2020-02-07,62.25,102.49,17.94,13.47,28.51,12.09,0.33,7.3,41.35,1.83,1.85,2.0,124.0,Moderate
Amritsar,2020-02-08,92.15,166.94,17.97,11.59,26.63,12.4,0.9,9.69,43.9,2.15,2.14,1.95,152.0,Moderate
Amritsar,2020-02-09,113.54,160.38,17.18,11.18,27.37,11.99,0.21,10.05,42.74,2.99,2.63,2.0,282.0,Poor
Amritsar,2020-02-10,63.68,115.75,17.14,10.13,26.59,12.03,1.03,7.86,42.74,1.94,2.09,1.98,144.0,Moderate
Amritsar,2020-02-11,84.93,187.15,17.48,10.4,26.72,12.02,0.3,9.07,35.77,2.31,2.22,2.0,190.0,Moderate
Amritsar,2020-02-12,38.88,136.28,18.01,13.17,27.73,12.36,0.5,2.5,37.25,1.71,1.79,2.0,133.0,Moderate
Amritsar,2020-02-13,42.33,117.43,17.64,11.27,26.66,12.13,0.76,10.04,35.09,1.63,1.63,2.05,112.0,Moderate
Amritsar,2020-02-14,33.14,100.08,16.9,10.48,27.0,11.82,0.66,8.33,39.73,1.58,1.68,2.0,107.0,Moderate
Amritsar,2020-02-15,41.33,123.92,17.35,10.41,27.39,11.92,0.78,10.64,43.24,1.91,2.19,2.0,106.0,Moderate
Amritsar,2020-02-16,69.4,154.93,17.22,10.43,26.33,12.04,0.44,10.13,45.83,2.41,2.76,1.98,132.0,Moderate
Amritsar,2020-02-17,66.39,145.96,18.06,11.42,27.62,12.09,0.87,9.98,45.62,2.11,2.42,1.96,139.0,Moderate
Amritsar,2020-02-18,59.59,144.61,17.56,11.48,27.13,12.19,0.74,11.15,50.25,2.0,2.07,2.0,128.0,Moderate
Amritsar,2020-02-19,57.33,142.11,16.93,10.83,27.02,11.95,0.53,10.47,,1.9,2.09,2.0,127.0,Moderate
Amritsar,2020-02-20,49.81,123.28,18.38,10.75,27.53,12.12,0.76,14.83,,1.75,1.97,1.98,124.0,Moderate
Amritsar,2020-02-21,16.41,73.67,17.35,11.36,27.52,12.0,0.81,10.72,,1.5,1.82,2.0,92.0,Satisfactory
Amritsar,2020-02-22,34.54,101.2,28.08,25.44,38.34,16.9,0.68,10.19,,1.65,2.12,1.88,94.0,Satisfactory
Amritsar,2020-02-23,42.49,109.4,24.45,19.65,35.85,14.03,0.72,9.64,,1.76,2.06,2.0,101.0,Moderate
Amritsar,2020-02-24,54.38,132.54,19.87,12.86,27.54,12.57,0.63,14.43,,1.73,2.05,1.9,113.0,Moderate
Amritsar,2020-02-25,58.55,134.7,19.04,13.05,29.17,12.23,0.76,9.63,32.13,1.8,1.93,2.0,121.0,Moderate
Amritsar,2020-02-26,71.27,156.66,21.07,14.77,29.73,12.55,0.31,9.85,30.07,1.79,1.9,1.9,134.0,Moderate
Amritsar,2020-02-27,58.17,133.37,19.01,13.89,27.62,12.37,1.33,7.4,27.53,1.72,2.12,2.0,127.0,Moderate
Amritsar,2020-02-28,67.24,142.34,17.4,11.73,26.33,12.18,0.64,11.92,29.72,1.7,1.97,1.96,128.0,Moderate
Amritsar,2020-02-29,26.4,83.14,19.15,12.31,29.03,12.12,0.62,11.35,30.35,1.53,1.92,2.0,108.0,Moderate
Amritsar,2020-03-01,22.15,83.69,17.9,12.55,27.8,12.16,0.83,21.92,29.65,1.44,1.86,1.98,76.0,Satisfactory
Amritsar,2020-03-02,32.33,97.38,17.54,11.96,27.44,12.02,0.78,9.91,29.66,1.55,1.83,1.98,92.0,Satisfactory
Amritsar,2020-03-03,33.46,103.81,18.06,11.38,27.5,11.77,0.61,10.78,30.09,1.61,1.81,1.98,101.0,Moderate
Amritsar,2020-03-04,55.5,135.96,17.43,10.82,26.5,11.8,0.44,13.85,32.2,1.81,1.85,1.94,118.0,Moderate
Amritsar,2020-03-05,22.09,74.89,17.71,11.96,28.12,11.84,0.72,14.65,30.07,1.44,1.56,2.0,97.0,Satisfactory
Amritsar,2020-03-06,17.61,61.51,17.42,11.14,26.82,12.0,0.74,11.49,27.23,1.38,1.47,1.98,68.0,Satisfactory
Amritsar,2020-03-07,17.0,61.08,17.79,11.2,27.07,12.16,0.82,8.51,29.45,1.39,1.51,1.98,59.0,Satisfactory
Amritsar,2020-03-08,25.44,77.68,17.05,11.41,26.88,12.1,0.82,11.62,30.24,1.46,1.76,2.0,70.0,Satisfactory
Amritsar,2020-03-09,20.71,72.89,17.35,11.81,26.87,12.14,0.82,6.74,32.77,1.43,1.75,2.0,75.0,Satisfactory
Amritsar,2020-03-10,43.24,115.85,18.82,12.66,28.37,12.29,0.73,9.44,34.08,1.66,2.02,2.0,96.0,Satisfactory
Amritsar,2020-03-11,40.15,107.64,18.14,13.18,28.04,11.88,0.62,8.1,30.16,1.65,1.99,1.96,107.0,Moderate
Amritsar,2020-03-12,18.34,74.72,17.92,10.99,27.31,12.21,0.71,7.79,35.57,1.3,1.37,1.89,,
Amritsar,2020-03-13,17.08,70.36,17.22,11.62,26.98,11.8,0.78,8.52,36.31,1.39,1.59,2.0,72.0,Satisfactory
Amritsar,2020-03-14,21.05,70.22,18.49,11.98,28.28,11.71,0.7,12.75,32.14,1.38,1.7,1.98,69.0,Satisfactory
Amritsar,2020-03-15,25.65,83.27,17.4,12.99,27.07,12.15,0.73,21.74,32.95,1.47,1.87,2.0,79.0,Satisfactory
Amritsar,2020-03-16,38.07,106.34,17.57,12.39,27.5,11.97,0.68,9.82,33.3,1.57,1.94,1.98,95.0,Satisfactory
Amritsar,2020-03-17,41.78,109.94,18.18,10.31,27.98,12.02,0.72,9.56,31.27,1.57,1.84,2.0,106.0,Moderate
Amritsar,2020-03-18,45.62,118.05,17.72,10.48,25.35,11.93,0.64,9.77,30.51,1.46,1.71,1.83,110.0,Moderate
Amritsar,2020-03-19,39.08,107.8,17.38,10.28,27.28,11.98,0.62,16.11,30.29,1.58,1.94,2.0,107.0,Moderate
Amritsar,2020-03-20,40.61,110.94,17.07,10.97,27.42,12.0,0.48,27.59,31.58,1.8,2.12,2.0,111.0,Moderate
Amritsar,2020-03-21,33.78,100.73,17.69,11.47,27.21,12.03,0.68,23.06,26.71,1.55,2.03,1.98,96.0,Satisfactory
Amritsar,2020-03-22,24.57,77.22,17.13,11.39,26.89,11.98,0.7,19.46,31.11,1.48,2.01,2.0,93.0,Satisfactory
Amritsar,2020-03-23,30.12,85.69,17.86,10.34,27.64,11.93,0.84,9.34,31.26,1.43,1.88,2.0,78.0,Satisfactory
Amritsar,2020-03-24,26.35,75.6,18.2,10.94,27.27,12.09,1.27,7.73,29.78,1.43,1.69,1.98,86.0,Satisfactory
Amritsar,2020-03-25,15.6,61.47,18.43,10.79,27.91,11.96,0.86,6.41,28.07,1.36,1.67,2.0,64.0,Satisfactory
Amritsar,2020-03-26,22.63,72.7,17.79,11.82,27.96,11.84,0.73,7.16,32.26,1.41,1.72,2.0,66.0,Satisfactory
Amritsar,2020-03-27,20.29,60.78,21.42,13.83,29.21,12.79,0.73,6.22,25.63,1.35,1.62,1.94,71.0,Satisfactory
Amritsar,2020-03-28,12.03,54.63,19.93,12.76,30.41,12.33,0.76,6.2,22.84,1.34,1.53,2.01,54.0,Satisfactory
Amritsar,2020-03-29,17.74,63.75,17.36,11.56,27.43,12.19,0.76,6.7,22.1,1.37,1.67,1.98,60.0,Satisfactory
Amritsar,2020-03-30,21.35,68.57,17.8,11.05,26.97,12.07,0.71,7.21,22.14,1.37,1.66,1.98,67.0,Satisfactory
Amritsar,2020-03-31,21.91,70.76,17.8,10.68,27.51,11.97,0.78,6.82,22.14,1.38,1.54,2.0,69.0,Satisfactory
Amritsar,2020-04-01,14.18,60.07,18.48,10.29,27.96,12.1,0.77,6.3,22.14,1.32,1.59,1.98,65.0,Satisfactory
Amritsar,2020-04-02,13.97,63.92,17.69,10.82,27.94,11.74,0.78,6.22,22.14,1.34,1.58,2.01,63.0,Satisfactory
Amritsar,2020-04-03,17.52,61.42,17.88,10.69,26.99,12.16,0.76,6.57,22.14,1.34,1.61,1.98,61.0,Satisfactory
Amritsar,2020-04-04,22.8,50.68,17.62,10.84,27.79,12.01,0.69,7.4,22.14,1.42,1.78,2.0,58.0,Satisfactory
Amritsar,2020-04-05,34.73,68.87,16.81,10.78,25.99,11.93,0.69,8.68,22.14,1.52,1.89,1.94,60.0,Satisfactory
Amritsar,2020-04-06,,,,,,,,,,,,,,
Amritsar,2020-04-07,,,,,,,,,,,,,,
Amritsar,2020-04-08,,,,,,,,,,,,,,
Amritsar,2020-04-09,,,,,,,,,,,,,,
Amritsar,2020-04-10,,,,,,,,,,,,,,
Amritsar,2020-04-11,16.56,25.76,18.57,13.16,31.0,10.78,0.4,7.07,22.14,0.68,0.69,1.0,,
Amritsar,2020-04-12,20.09,34.55,18.33,11.21,28.01,12.03,0.85,8.49,22.14,1.4,1.55,2.0,45.0,Good
Amritsar,2020-04-13,29.47,59.84,17.65,11.55,27.61,12.12,0.59,9.63,22.14,1.65,1.98,2.0,52.0,Satisfactory
Amritsar,2020-04-14,22.37,50.46,17.34,10.67,23.17,12.09,0.64,6.33,22.14,1.21,1.4,1.79,59.0,Satisfactory
Amritsar,2020-04-15,32.05,75.31,20.86,18.96,28.66,15.16,0.73,6.55,23.62,1.26,1.5,1.83,68.0,Satisfactory
Amritsar,2020-04-16,22.61,48.2,23.03,17.01,33.2,14.86,0.73,7.65,36.07,1.39,1.75,2.0,61.0,Satisfactory
Amritsar,2020-04-17,17.45,38.01,18.7,11.4,28.05,12.66,0.7,7.76,42.81,1.38,1.47,1.98,45.0,Good
Amritsar,2020-04-18,8.8,18.03,21.51,11.43,31.09,12.4,0.8,5.88,43.02,1.32,1.42,2.0,43.0,Good
Amritsar,2020-04-19,11.33,30.5,18.12,11.33,27.79,12.74,0.82,8.85,43.02,1.35,1.54,2.0,44.0,Good
Amritsar,2020-04-20,16.35,56.92,17.86,12.25,28.27,11.95,0.68,9.64,43.02,1.37,1.54,2.0,51.0,Satisfactory
Amritsar,2020-04-21,9.84,39.79,19.48,13.03,29.25,12.24,0.79,13.02,43.02,1.33,1.43,2.0,47.0,Good
Amritsar,2020-04-22,13.72,51.33,21.63,14.02,31.4,12.69,0.74,9.17,43.02,1.36,1.6,2.0,48.0,Good
Amritsar,2020-04-23,14.67,59.48,23.49,16.84,33.39,12.8,0.84,8.59,43.02,1.31,1.15,2.0,56.0,Satisfactory
Amritsar,2020-04-24,20.68,78.36,20.44,16.25,32.22,12.53,0.67,8.94,43.02,1.3,1.1,2.0,68.0,Satisfactory
Amritsar,2020-04-25,15.74,67.22,22.04,16.48,30.38,13.38,0.77,17.19,43.02,1.29,1.09,1.98,74.0,Satisfactory
Amritsar,2020-04-26,14.78,54.18,19.74,15.44,29.59,12.11,0.69,11.17,43.02,1.3,1.1,5.05,60.0,Satisfactory
Amritsar,2020-04-27,11.2,42.21,38.1,32.33,46.31,19.36,0.75,6.42,44.12,1.25,1.06,8.48,51.0,Satisfactory
Amritsar,2020-04-28,13.63,52.77,28.22,21.57,37.97,14.54,0.79,7.08,43.57,1.3,1.1,8.81,56.0,Satisfactory
Amritsar,2020-04-29,24.61,86.73,26.75,19.19,36.02,14.53,0.76,9.0,43.57,1.3,1.1,8.72,72.0,Satisfactory
Amritsar,2020-04-30,23.98,112.59,25.07,17.26,34.95,13.57,0.76,8.5,43.57,1.3,1.1,8.81,102.0,Moderate
Amritsar,2020-05-01,32.01,141.16,20.93,14.93,30.16,12.8,0.78,9.5,43.57,1.3,1.1,8.72,118.0,Moderate
Amritsar,2020-05-02,28.37,114.11,20.75,16.36,29.69,12.73,0.63,8.45,43.57,1.29,1.09,8.72,118.0,Moderate
Amritsar,2020-05-03,15.46,65.47,23.93,18.66,35.6,13.06,0.78,7.07,26.82,1.29,1.09,8.72,91.0,Satisfactory
Amritsar,2020-05-04,19.64,72.31,19.2,16.05,28.92,12.8,0.81,8.64,27.11,1.29,1.09,8.67,61.0,Satisfactory
Amritsar,2020-05-05,18.81,74.73,19.59,14.69,29.97,12.13,0.73,7.44,27.1,1.3,1.1,8.72,77.0,Satisfactory
Amritsar,2020-05-06,23.32,76.19,19.26,12.39,28.6,12.35,0.82,10.3,27.11,1.3,1.1,8.72,75.0,Satisfactory
Amritsar,2020-05-07,18.39,48.21,33.61,26.95,39.88,18.62,0.73,8.99,37.82,1.23,1.04,8.23,60.0,Satisfactory
Amritsar,2020-05-08,34.0,83.68,30.38,24.27,39.73,15.15,0.83,10.06,43.77,1.3,1.1,8.81,71.0,Satisfactory
Amritsar,2020-05-09,37.31,87.52,22.45,18.78,31.81,13.86,0.75,10.47,43.73,1.29,1.09,8.72,87.0,Satisfactory
Amritsar,2020-05-10,39.62,91.93,20.3,13.69,30.2,12.41,0.7,10.16,43.77,1.3,1.1,8.82,94.0,Satisfactory
Amritsar,2020-05-11,32.14,70.6,20.67,15.65,30.08,12.66,0.67,7.82,43.77,1.3,1.1,8.72,75.0,Satisfactory
Amritsar,2020-05-12,24.59,49.58,21.79,16.79,30.38,13.27,0.82,9.74,43.77,1.3,1.1,8.82,61.0,Satisfactory
Amritsar,2020-05-13,44.76,86.65,19.55,15.63,30.07,12.96,0.74,9.08,43.77,1.27,1.08,8.63,67.0,Satisfactory
Amritsar,2020-05-14,42.22,78.34,21.56,15.84,32.32,12.57,0.61,9.03,43.77,1.3,1.1,8.81,95.0,Satisfactory
Amritsar,2020-05-15,21.61,43.74,22.88,15.94,32.43,12.76,0.91,9.9,43.77,1.3,1.1,8.72,52.0,Satisfactory
Amritsar,2020-05-16,35.91,69.27,20.01,14.83,29.75,12.49,0.75,9.26,43.77,1.3,1.1,8.81,61.0,Satisfactory
Amritsar,2020-05-17,39.96,77.29,20.35,15.98,30.7,12.66,0.75,11.8,43.77,1.3,1.1,8.81,75.0,Satisfactory
Amritsar,2020-05-18,44.56,76.97,22.31,17.48,27.56,12.49,0.67,26.68,43.77,1.06,0.89,6.88,76.0,Satisfactory
Amritsar,2020-05-19,34.55,59.21,21.5,14.96,30.21,12.55,0.69,22.25,52.91,1.3,1.1,8.81,65.0,Satisfactory
Amritsar,2020-05-20,43.35,68.58,21.26,15.0,30.04,12.84,0.69,11.86,64.78,1.3,1.1,8.72,68.0,Satisfactory
Amritsar,2020-05-21,52.58,81.31,20.08,15.55,30.04,12.53,0.68,10.76,64.78,1.3,1.1,8.82,80.0,Satisfactory
Amritsar,2020-05-22,68.2,113.31,19.12,13.29,29.59,12.35,0.62,23.16,41.89,1.29,1.09,8.72,115.0,Moderate
Amritsar,2020-05-23,54.78,96.64,18.45,12.8,28.26,11.97,0.48,18.35,17.0,1.3,1.1,8.82,106.0,Moderate
Amritsar,2020-05-24,29.01,55.05,18.64,11.41,26.45,12.15,0.61,19.01,17.0,1.22,1.03,8.26,74.0,Satisfactory
Amritsar,2020-05-25,16.29,72.17,17.69,10.6,27.18,12.27,0.76,17.75,17.0,1.3,1.1,8.82,69.0,Satisfactory
Amritsar,2020-05-26,51.47,90.41,18.07,10.31,27.12,12.29,0.97,34.05,17.0,1.29,1.09,8.63,81.0,Satisfactory
Amritsar,2020-05-27,37.21,66.23,16.63,10.97,26.78,11.95,0.56,14.45,17.0,1.3,1.1,8.81,77.0,Satisfactory
Amritsar,2020-05-28,43.68,108.29,17.75,10.33,27.66,12.14,0.49,10.98,17.0,1.3,1.1,8.72,81.0,Satisfactory
Amritsar,2020-05-29,29.99,77.22,19.41,11.22,28.95,11.92,0.73,12.3,17.0,1.3,1.1,8.72,67.0,Satisfactory
Amritsar,2020-05-30,24.14,51.65,20.17,14.87,31.03,12.57,0.66,6.28,17.0,1.3,1.1,8.82,63.0,Satisfactory
Amritsar,2020-05-31,13.33,25.58,27.84,22.14,37.92,14.22,0.63,8.09,17.0,1.3,1.1,8.72,48.0,Good
Amritsar,2020-06-01,19.12,33.74,30.02,39.8,34.58,17.15,0.71,11.8,22.8,1.23,1.04,8.33,43.0,Good
Amritsar,2020-06-02,26.84,152.97,23.06,21.62,34.76,13.99,0.68,17.71,28.48,1.3,1.1,8.81,65.0,Satisfactory
Amritsar,2020-06-03,26.72,486.99,20.32,12.54,29.09,12.08,0.58,10.48,36.15,1.3,1.1,8.72,478.0,Severe
Amritsar,2020-06-04,30.13,167.85,20.82,15.08,28.88,13.01,0.74,16.68,33.88,1.22,1.03,8.27,193.0,Moderate
Amritsar,2020-06-05,20.75,29.73,24.69,21.48,34.62,14.25,0.72,10.49,40.04,1.3,1.1,8.82,56.0,Satisfactory
Amritsar,2020-06-06,15.5,24.76,21.22,15.84,30.45,13.12,0.77,8.67,39.85,1.3,1.1,8.72,41.0,Good
Amritsar,2020-06-07,26.99,43.07,21.13,15.1,30.36,12.77,0.59,6.56,40.04,1.3,1.1,8.81,42.0,Good
Amritsar,2020-06-08,27.07,59.04,19.32,13.52,27.74,12.57,0.59,8.56,39.64,1.29,1.09,8.63,51.0,Satisfactory
Amritsar,2020-06-09,29.6,84.35,17.94,11.23,25.93,12.1,0.57,12.01,,1.3,1.1,8.82,77.0,Satisfactory
Amritsar,2020-06-10,28.73,76.37,17.59,10.65,25.98,12.21,0.55,13.47,,1.3,1.1,8.72,80.0,Satisfactory
Amritsar,2020-06-11,31.56,87.65,16.76,9.4,25.22,11.99,0.72,11.08,,1.3,1.1,8.82,79.0,Satisfactory
Amritsar,2020-06-12,27.87,96.72,16.68,9.17,24.32,12.01,0.71,12.02,30.79,1.29,1.09,8.53,89.0,Satisfactory
Amritsar,2020-06-13,24.76,93.78,16.61,8.31,24.6,11.93,0.65,10.76,32.52,1.3,1.1,8.82,104.0,Moderate
Amritsar,2020-06-14,31.92,96.98,15.92,8.01,23.81,12.06,0.69,10.86,32.52,1.3,1.1,8.72,87.0,Satisfactory
Amritsar,2020-06-15,28.49,108.35,16.93,7.97,24.78,12.0,0.75,16.73,32.52,1.3,1.1,8.81,103.0,Moderate
Amritsar,2020-06-16,37.0,119.96,19.94,16.04,26.67,13.83,0.68,13.24,31.49,1.21,1.02,8.08,110.0,Moderate
Amritsar,2020-06-17,40.46,131.87,31.85,26.2,42.08,15.21,0.73,9.2,16.56,1.3,1.1,8.82,117.0,Moderate
Amritsar,2020-06-18,34.6,123.23,21.98,18.43,30.65,13.91,0.74,12.51,16.48,1.3,1.1,8.72,117.0,Moderate
Amritsar,2020-06-19,47.94,169.06,19.11,12.63,27.07,12.34,0.62,10.92,16.48,1.3,1.1,8.82,131.0,Moderate
Amritsar,2020-06-20,55.58,88.74,58.55,53.34,77.94,23.22,0.71,5.53,16.48,1.3,1.1,8.72,120.0,Moderate
Amritsar,2020-06-21,60.73,,40.01,33.92,51.61,17.99,0.7,4.72,16.48,1.3,1.1,8.82,120.0,Moderate
Amritsar,2020-06-22,39.81,95.02,23.84,18.72,32.27,14.43,0.68,4.64,16.48,1.3,1.1,8.72,72.0,Satisfactory
Amritsar,2020-06-23,68.81,312.18,18.9,12.03,25.83,12.64,0.67,4.36,16.48,1.3,1.1,8.82,125.0,Moderate
Amritsar,2020-06-24,23.77,69.62,17.0,9.97,23.17,12.08,0.59,7.21,16.48,1.2,1.02,7.97,130.0,Moderate
Amritsar,2020-06-25,31.68,57.96,18.0,10.71,25.96,11.94,0.74,5.83,16.48,1.3,1.1,8.82,59.0,Satisfactory
Amritsar,2020-06-26,32.85,151.19,23.35,18.01,31.94,13.71,0.66,4.79,16.48,1.29,1.08,8.54,83.0,Satisfactory
Amritsar,2020-06-27,51.1,,25.25,20.8,35.75,14.07,0.66,4.55,16.48,1.3,1.1,8.82,74.0,Satisfactory
Amritsar,2020-06-28,45.24,40.0,23.11,17.9,27.47,13.25,0.63,5.22,16.48,1.16,0.98,7.85,85.0,Satisfactory
Amritsar,2020-06-29,26.77,60.69,26.99,19.83,34.03,14.94,0.67,4.89,16.48,1.3,1.1,8.81,49.0,Good
Amritsar,2020-06-30,41.64,76.49,22.03,15.97,30.6,13.29,0.69,4.67,16.48,1.3,1.1,8.72,66.0,Satisfactory
Amritsar,2020-07-01,57.67,100.99,32.81,15.11,30.2,17.73,0.59,3.48,16.48,1.3,1.1,8.82,78.0,Satisfactory
